[1] 7212    7
[1] TRUE
[1] 7212    6
start par. =  1 1 1 fn =  27141.73 
At return
eval:  59 fn:      25114.711 par: 0.118013 0.731469 0.658855
(NM) 20: f = 25111 at    0.122299    0.735754     0.66314    0.359855   0.0596171   0.0307859   0.0026378   0.0591098   0.0782636 -0.00836506  -0.0240625   -0.161211    0.101162   0.0689537
(NM) 40: f = 25110 at   0.128268   0.730906   0.649734   0.344178  0.0769564  0.0232839 0.00101686  0.0368705    0.09134  -0.022631 -0.0201383   -0.15657    0.10598  0.0951783
(NM) 60: f = 25109 at    0.12897   0.732749   0.660123   0.315068  0.0684256   0.026247 0.00186421  0.0527853  0.0820478  -0.014263 -0.0299901  -0.157533   0.108795  0.0823024
(NM) 80: f = 25109 at    0.12897   0.732749   0.660123   0.315068  0.0684256   0.026247 0.00186421  0.0527853  0.0820478  -0.014263 -0.0299901  -0.157533   0.108795  0.0823024
(NM) 100: f = 25108.9 at   0.121846   0.730224   0.660994   0.318236  0.0693317  0.0264158 0.00783375  0.0555747  0.0842375 -0.0117491 -0.0370178  -0.159216   0.105988  0.0944282
(NM) 120: f = 25108.8 at   0.122922   0.730417   0.660768   0.300572  0.0738869  0.0290199  0.0100006   0.056861   0.088602 -0.0128568 -0.0347545  -0.158806   0.107711  0.0954369
(NM) 140: f = 25108.8 at    0.12239   0.731695   0.658571   0.309439   0.069899  0.0298527    0.01794  0.0532883  0.0843585 -0.0133273 -0.0386651  -0.158817   0.106974  0.0914934
(NM) 160: f = 25108.8 at    0.12089   0.731341   0.660172   0.308105  0.0698076   0.032374  0.0148908  0.0562576   0.088754 -0.0104181 -0.0395847  -0.158938   0.105463  0.0913766
(NM) 180: f = 25108.8 at    0.120112    0.730079    0.661378    0.303121   0.0738947   0.0359999    0.012575    0.058648   0.0912104 -0.00663273  -0.0404651    -0.15929    0.106088   0.0858555
(NM) 200: f = 25108.7 at    0.120313    0.730017    0.658729       0.301   0.0731847   0.0392009   0.0163427   0.0552643   0.0941806 -0.00120823  -0.0417989   -0.159994    0.105751   0.0828772
(NM) 220: f = 25108.7 at   0.122443   0.729824   0.658627   0.301808  0.0735513  0.0416333  0.0123522  0.0587693  0.0996443 0.00116805 -0.0434963  -0.159007   0.103628   0.072789
(NM) 240: f = 25108.7 at    0.122968    0.730188    0.658546     0.30358   0.0731082   0.0426842  0.00956999    0.059308    0.101445 -0.00088509  -0.0399478   -0.160426    0.105132    0.069598
(NM) 260: f = 25108.7 at    0.12151   0.730046   0.659906   0.301523  0.0743369  0.0442147  0.0140866  0.0619785    0.09866 0.00051588 -0.0436365  -0.160676   0.104033  0.0694152
(NM) 280: f = 25108.7 at    0.122032    0.729901    0.658756    0.304315   0.0743698   0.0437446   0.0103293   0.0621665   0.0994715 0.000264246  -0.0423945   -0.160572    0.104221   0.0674968
(NM) 300: f = 25108.7 at   0.121495   0.729564   0.658125   0.303497  0.0741887  0.0451223   0.013443  0.0616429   0.101446 0.00296539 -0.0446387  -0.161272   0.103885  0.0676907
(NM) 320: f = 25108.7 at   0.121951   0.730132   0.658374   0.301434  0.0753421  0.0463589  0.0122313  0.0620034   0.102535 0.00297921 -0.0441886  -0.161475   0.103709  0.0672612
(NM) 340: f = 25108.7 at   0.122054   0.730206   0.658913   0.301994   0.075687  0.0469988  0.0117194  0.0633074   0.102031 0.00262698 -0.0433562  -0.161743   0.103524   0.066555
(NM) 360: f = 25108.7 at    0.12148   0.730414   0.658864   0.301057  0.0765032  0.0477389  0.0131312  0.0637308    0.10145 0.00244911 -0.0441846  -0.162191   0.103391  0.0678597
(NM) 380: f = 25108.7 at   0.121826   0.730406   0.658705    0.30156  0.0777111  0.0480963  0.0125925  0.0649395   0.100617 0.00177194 -0.0440958  -0.162424   0.103407  0.0681463
(NM) 400: f = 25108.7 at   0.121786   0.730434   0.658702   0.301441  0.0778728  0.0482341  0.0128245   0.065152   0.100408 0.00167794 -0.0441808   -0.16247    0.10337  0.0681766
(NM) 420: f = 25108.7 at   0.121569    0.73039   0.658512   0.301767  0.0772817   0.047517  0.0145867  0.0644416  0.0994409 0.00127566  -0.044676  -0.162381   0.103496  0.0687822
(NM) 440: f = 25108.7 at   0.121607   0.730584    0.65855   0.302066  0.0767578  0.0476258  0.0146809   0.064586  0.0999153 0.00112049 -0.0447489  -0.162256   0.103144  0.0676539
(NM) 460: f = 25108.7 at   0.121966   0.730398   0.658126   0.301904  0.0772426   0.047602  0.0145329  0.0645688  0.0998132 0.00137726  -0.044854  -0.162208    0.10314   0.067462
(NM) 480: f = 25108.7 at   0.121941   0.730459   0.658343   0.301495  0.0774079  0.0475372  0.0148914  0.0647764   0.098953 0.00101133 -0.0447997  -0.162259   0.103203  0.0679243
(NM) 500: f = 25108.7 at   0.122227   0.730439   0.658201   0.301374  0.0775166  0.0476151  0.0142949  0.0647208  0.0992932 0.00111808 -0.0443205  -0.162207   0.103128  0.0674625
(NM) 520: f = 25108.7 at    0.122044     0.73054    0.658148    0.301654   0.0768424   0.0471929   0.0151419   0.0643701   0.0986539 0.000540891  -0.0439189   -0.162122    0.103032   0.0670466
(NM) 540: f = 25108.7 at    0.121846    0.730559    0.658133    0.301636   0.0773369   0.0475859    0.014579   0.0644966   0.0985467 0.000543127  -0.0429978   -0.162281    0.103023   0.0658285
(NM) 560: f = 25108.7 at     0.121885      0.73076     0.658387     0.301521    0.0764038    0.0471964    0.0151719    0.0643295    0.0979861 -0.000155294   -0.0420567    -0.162258     0.102873    0.0660879
(NM) 580: f = 25108.7 at    0.121754    0.730733    0.658318    0.301557   0.0761049   0.0472072   0.0147859   0.0636737   0.0983718 0.000166915  -0.0410096   -0.162414    0.103066   0.0658695
(NM) 600: f = 25108.7 at    0.121616    0.730541    0.658226    0.301699   0.0759543   0.0472933    0.015278   0.0637866   0.0987296 0.000632419  -0.0418011   -0.162408    0.102944   0.0661552
(NM) 620: f = 25108.7 at    0.121914    0.730575    0.658301    0.301553   0.0757588   0.0471644   0.0149637   0.0637101    0.098463 0.000631755  -0.0411058    -0.16244    0.102996   0.0666687
(NM) 640: f = 25108.7 at   0.121864   0.730374   0.658142   0.301289  0.0753223  0.0472435  0.0154255  0.0636666  0.0982626 0.00117742 -0.0402906  -0.162604    0.10282  0.0666025
(NM) 660: f = 25108.7 at    0.12202     0.7304   0.658238   0.301656  0.0748597  0.0474667  0.0152159  0.0640297  0.0992003 0.00146463 -0.0404595   -0.16268   0.102626   0.066429
(NM) 680: f = 25108.7 at    0.12209   0.730305   0.658288   0.301862  0.0748405  0.0475266  0.0150558  0.0643339  0.0993738 0.00162636 -0.0405214  -0.162748   0.102589  0.0666976
(NM) 700: f = 25108.7 at   0.121954    0.73029    0.65821   0.301417   0.074813  0.0478691  0.0159867   0.064381  0.0988753 0.00190363 -0.0403733  -0.162963   0.102457  0.0665982
(NM) 720: f = 25108.7 at   0.121971   0.730271    0.65837   0.301685  0.0753426  0.0479571  0.0152898   0.064784  0.0987313 0.00165653 -0.0401551  -0.162985   0.102496  0.0662443
(NM) 740: f = 25108.7 at   0.121911   0.730277   0.658278   0.301644  0.0752388  0.0479146  0.0157547  0.0647579  0.0982516 0.00148071 -0.0398897  -0.163037    0.10242  0.0662519
(NM) 760: f = 25108.7 at   0.121991   0.730242   0.658291    0.30185  0.0750199  0.0477593  0.0155827  0.0647863  0.0985347 0.00152354 -0.0400988  -0.162961    0.10243  0.0665059
(NM) 780: f = 25108.7 at   0.122048   0.730296   0.658321   0.301654  0.0751316  0.0478585   0.015437  0.0647692  0.0986036  0.0015306 -0.0399199  -0.162997   0.102442  0.0664422
(NM) 800: f = 25108.7 at    0.12203   0.730228   0.658233   0.301714  0.0750956  0.0477616  0.0155277  0.0646791  0.0984943 0.00157798 -0.0399174  -0.162969   0.102448  0.0664468
(NM) 820: f = 25108.7 at   0.122066   0.730247   0.658294   0.301669  0.0751392  0.0476855  0.0153051  0.0646599  0.0985549 0.00150509 -0.0399573  -0.162927   0.102514  0.0666976
(NM) 840: f = 25108.7 at   0.122068   0.730242   0.658241   0.301696  0.0748939  0.0475867  0.0154299  0.0646251  0.0984676 0.00143105  -0.039666  -0.162945   0.102479  0.0666769
(NM) 860: f = 25108.7 at   0.122081    0.73031   0.658264   0.301703  0.0750292  0.0476283  0.0152288  0.0648041  0.0984897 0.00122964 -0.0395809  -0.162969   0.102471  0.0665678
(NM) 880: f = 25108.7 at   0.122099   0.730355   0.658189   0.301809  0.0747065  0.0474879  0.0153859  0.0648194  0.0986249 0.00106073 -0.0395969  -0.162961   0.102435  0.0665852
(NM) 900: f = 25108.7 at   0.122081   0.730364   0.658083   0.301878  0.0747041   0.047492  0.0151424  0.0650295   0.098957  0.0010058 -0.0395515  -0.162999   0.102397  0.0665706
(NM) 920: f = 25108.7 at    0.121992     0.73031    0.658096    0.301977   0.0746895   0.0473936   0.0152791   0.0652206   0.0987417 0.000864524  -0.0396645   -0.163025    0.102424   0.0669319
(NM) 940: f = 25108.7 at   0.122033   0.730272    0.65811   0.301736  0.0747562  0.0475557   0.015176  0.0654245  0.0989963 0.00112624 -0.0397234  -0.163094   0.102395  0.0671381
(NM) 960: f = 25108.7 at   0.122012   0.730306    0.65812   0.301696  0.0748328  0.0475355   0.015082  0.0656152  0.0991524 0.00100039 -0.0400148  -0.163076   0.102408  0.0673587
(NM) 980: f = 25108.7 at   0.121979   0.730245   0.658076   0.301707  0.0747381  0.0474643  0.0150635  0.0655665    0.09917 0.00109619  -0.039935  -0.163056   0.102416   0.067356
(NM) 1000: f = 25108.7 at    0.12198   0.730246   0.658083   0.301717  0.0745559  0.0474751  0.0150586   0.065759  0.0992592 0.00107799 -0.0397561  -0.163123   0.102364   0.067443
(NM) 1020: f = 25108.7 at   0.121943    0.73019   0.658118   0.301641  0.0746117  0.0474846  0.0150232  0.0656709  0.0992287 0.00126257 -0.0398114  -0.163076   0.102383  0.0674085
(NM) 1040: f = 25108.7 at   0.121922   0.730227   0.658147   0.301671  0.0747277  0.0473623  0.0149587  0.0656254  0.0991064 0.00103689 -0.0399677  -0.163002   0.102449   0.067486
(NM) 1060: f = 25108.7 at    0.121879    0.730283    0.658189    0.301666   0.0745329   0.0473148   0.0147939    0.065674   0.0992747 0.000966386  -0.0397846   -0.162972    0.102417   0.0672714
(NM) 1080: f = 25108.7 at    0.12186   0.730266   0.658173   0.301623  0.0743092  0.0473304  0.0147809  0.0658518  0.0994053   0.001039 -0.0395749   -0.16302   0.102347  0.0672027
(NM) 1100: f = 25108.7 at    0.121901    0.730313     0.65819    0.301677   0.0745936   0.0473887   0.0148539   0.0657061   0.0991847 0.000932522  -0.0397477   -0.162997    0.102388   0.0671026
(NM) 1120: f = 25108.7 at      0.1219    0.730296    0.658182    0.301665   0.0745004   0.0473064   0.0147289    0.065854   0.0992813 0.000892699  -0.0397197   -0.162986    0.102379   0.0672504
(NM) 1140: f = 25108.7 at    0.121901     0.73029     0.65817    0.301643    0.074504   0.0473196   0.0148594   0.0658645   0.0991576 0.000902314  -0.0397456   -0.162987    0.102357   0.0671805
(NM) 1160: f = 25108.7 at    0.121933    0.730275    0.658175     0.30162   0.0744746   0.0473713   0.0149031   0.0659867   0.0991363 0.000969729  -0.0397328   -0.163012    0.102313   0.0670999
(NM) 1180: f = 25108.7 at    0.121949    0.730273    0.658193    0.301676   0.0744958   0.0473282   0.0149808   0.0659614   0.0990209 0.000908379  -0.0398284   -0.162997    0.102334   0.0671444
(NM) 1200: f = 25108.7 at    0.121911    0.730225    0.658212    0.301719   0.0744411   0.0472582   0.0150068   0.0659638   0.0989041 0.000944072   -0.039846   -0.162959    0.102344   0.0670863
(NM) 1220: f = 25108.7 at    0.121951    0.730212     0.65825    0.301725   0.0743676    0.047202   0.0150089   0.0660746   0.0988301 0.000936681  -0.0399251   -0.162924    0.102337   0.0669837
(NM) 1240: f = 25108.7 at    0.121952     0.73022    0.658232    0.301767   0.0743103   0.0471936   0.0150736   0.0659834   0.0988391 0.000925186  -0.0398657   -0.162939    0.102344   0.0669629
(NM) 1260: f = 25108.7 at    0.121916    0.730229    0.658248    0.301849   0.0742513   0.0470847   0.0150261   0.0659891    0.098816 0.000822459  -0.0399557   -0.162881    0.102379    0.066793
(NM) 1280: f = 25108.7 at   0.121912   0.730239   0.658176   0.301925  0.0741256  0.0470547  0.0150661  0.0659657  0.0990113 0.00081085  -0.040025  -0.162899   0.102389  0.0667624
(NM) 1300: f = 25108.7 at    0.121962    0.730252    0.658172    0.301893   0.0740931   0.0470215   0.0148941   0.0661296   0.0990758 0.000722548  -0.0399206    -0.16292    0.102394   0.0668369
(NM) 1320: f = 25108.7 at    0.121913    0.730239     0.65816    0.301908   0.0740009   0.0469945   0.0150347   0.0662268   0.0989175 0.000696948  -0.0399221   -0.162925    0.102385   0.0665774
(NM) 1340: f = 25108.7 at    0.121883    0.730251    0.658206    0.301883   0.0740397   0.0469914   0.0150428   0.0662468   0.0987736 0.000628312  -0.0398943   -0.162923    0.102424   0.0663078
(NM) 1360: f = 25108.7 at   0.121928   0.730241   0.658177   0.301851  0.0737957  0.0467505  0.0150505  0.0664531  0.0985619 0.00043711 -0.0398942  -0.162866   0.102463  0.0660887
(NM) 1380: f = 25108.7 at     0.12196    0.730299    0.658262    0.301662   0.0737697   0.0469725   0.0149733    0.066437     0.09893 0.000665898  -0.0399526   -0.162923    0.102468   0.0659021
(NM) 1400: f = 25108.7 at    0.121929    0.730255     0.65816    0.301683   0.0736829   0.0468914   0.0149808   0.0664808   0.0989265 0.000638642  -0.0399235   -0.162944    0.102529   0.0656651
(NM) 1420: f = 25108.7 at    0.121992    0.730255    0.658181    0.301648   0.0738852   0.0470336   0.0149164   0.0662897   0.0990603 0.000797997  -0.0399365    -0.16297    0.102526   0.0660096
(NM) 1440: f = 25108.7 at    0.122013    0.730244    0.658195    0.301688   0.0737636   0.0469253   0.0149083   0.0662928   0.0989784 0.000731165  -0.0399117   -0.162951    0.102577   0.0658827
(NM) 1460: f = 25108.7 at    0.121992    0.730255    0.658203    0.301672   0.0737259   0.0468531   0.0149779   0.0663313   0.0988626 0.000648006  -0.0400114   -0.162911    0.102591   0.0657597
(NM) 1480: f = 25108.7 at    0.122002    0.730216    0.658216    0.301679   0.0737162   0.0468513   0.0149651   0.0664119   0.0988802 0.000739849  -0.0401152   -0.162894    0.102572   0.0658065
(NM) 1500: f = 25108.7 at    0.122002    0.730216    0.658216    0.301679   0.0737162   0.0468513   0.0149651   0.0664119   0.0988802 0.000739849  -0.0401152   -0.162894    0.102572   0.0658065
(NM) 1520: f = 25108.7 at    0.122002    0.730203    0.658194    0.301696   0.0737739   0.0468909   0.0149875   0.0663664   0.0989433 0.000815055  -0.0401969   -0.162894    0.102556   0.0659107
(NM) 1540: f = 25108.7 at    0.122012    0.730228    0.658194    0.301648   0.0738074   0.0469299   0.0149622   0.0663605   0.0990088 0.000815776  -0.0402242   -0.162906    0.102568   0.0658775
(NM) 1560: f = 25108.7 at    0.121989     0.73023    0.658195    0.301685    0.073803   0.0468937   0.0149847   0.0663093   0.0989717 0.000782847  -0.0402244   -0.162883    0.102562   0.0659302
(NM) 1580: f = 25108.7 at    0.121983    0.730228      0.6582    0.301671   0.0737463   0.0468466   0.0150078    0.066323   0.0989269 0.000766809   -0.040278   -0.162861    0.102589   0.0657911
(NM) 1600: f = 25108.7 at    0.121992     0.73023    0.658176    0.301683    0.073761   0.0468691   0.0150124   0.0663175   0.0989973 0.000793216  -0.0403141   -0.162869    0.102571    0.065876
(NM) 1620: f = 25108.7 at    0.121984     0.73023    0.658172    0.301666   0.0737601   0.0468723   0.0150001   0.0663596   0.0990162 0.000794941  -0.0403439   -0.162871    0.102576   0.0658258
(NM) 1640: f = 25108.7 at     0.12198    0.730234     0.65818    0.301662   0.0737721   0.0468786   0.0150253   0.0663308   0.0989715 0.000787626   -0.040309   -0.162871     0.10257   0.0658343
(NM) 1660: f = 25108.7 at    0.121999    0.730234    0.658171     0.30166   0.0737637   0.0468948   0.0150441   0.0663297   0.0989833 0.000812397  -0.0403221   -0.162881     0.10257   0.0658227
(NM) 1680: f = 25108.7 at    0.121992     0.73022    0.658161    0.301674   0.0737481   0.0468948   0.0150462   0.0663065   0.0989748 0.000843452  -0.0402725   -0.162885    0.102564    0.065851
(NM) 1700: f = 25108.7 at    0.122028    0.730207     0.65814    0.301661   0.0737091   0.0469154   0.0150588   0.0663147   0.0989793 0.000924008  -0.0402826   -0.162903    0.102572   0.0658299
(NM) 1720: f = 25108.7 at    0.122029    0.730239    0.658148     0.30166   0.0736978   0.0469378   0.0150883   0.0663362   0.0989836 0.000871725  -0.0402751    -0.16292    0.102568   0.0657593
(NM) 1740: f = 25108.7 at     0.12201    0.730247    0.658153    0.301662   0.0736698    0.046944   0.0151994   0.0662409   0.0988955 0.000917571  -0.0403041   -0.162904    0.102562   0.0657187
(NM) 1760: f = 25108.7 at   0.122041   0.730243   0.658162   0.301648  0.0736319  0.0470315  0.0152713  0.0662764  0.0988832 0.00105504 -0.0403351  -0.162937   0.102536  0.0657052
(NM) 1780: f = 25108.7 at   0.122051   0.730231   0.658178   0.301639  0.0735675  0.0469475   0.015194  0.0662868  0.0988485 0.00102256 -0.0403085  -0.162909   0.102574  0.0656822
(NM) 1800: f = 25108.7 at   0.121996   0.730246   0.658185   0.301669  0.0734534  0.0469307  0.0152286  0.0662906  0.0988894 0.00103507 -0.0403302  -0.162895   0.102559  0.0656129
(NM) 1820: f = 25108.7 at   0.121975   0.730259   0.658197   0.301669   0.073346  0.0469413  0.0151603  0.0662584  0.0989983 0.00113059 -0.0403129  -0.162891   0.102561  0.0656448
(NM) 1840: f = 25108.7 at   0.121988   0.730243   0.658189   0.301698  0.0731509  0.0469117  0.0150985  0.0661379  0.0990613 0.00128804 -0.0402338  -0.162892   0.102608  0.0656357
(NM) 1860: f = 25108.7 at   0.121967   0.730293   0.658192   0.301698  0.0731115  0.0469727  0.0151554  0.0661938  0.0991096 0.00132178 -0.0403451  -0.162895   0.102561  0.0656451
(NM) 1880: f = 25108.7 at   0.122011   0.730287   0.658199   0.301677   0.073174   0.047002  0.0151125  0.0663657  0.0991248 0.00132055 -0.0404554  -0.162908   0.102548  0.0656831
(NM) 1900: f = 25108.7 at   0.122022   0.730301   0.658167    0.30168  0.0729663  0.0469065  0.0149791  0.0664145  0.0991921 0.00135966 -0.0404789  -0.162885   0.102598  0.0656215
(NM) 1920: f = 25108.7 at    0.12206   0.730279   0.658156   0.301722  0.0729659  0.0468601  0.0149324  0.0665327  0.0990805 0.00129024 -0.0403952  -0.162899   0.102596   0.065679
(NM) 1940: f = 25108.7 at   0.122081   0.730289   0.658132   0.301744  0.0729983  0.0467413  0.0147428  0.0666377  0.0990202 0.00113083 -0.0403396  -0.162864   0.102609  0.0658368
(NM) 1960: f = 25108.7 at   0.122047   0.730328   0.658161   0.301769  0.0730119  0.0469234  0.0149769  0.0663852  0.0990331 0.00130455 -0.0403195  -0.162908   0.102558   0.065867
(NM) 1980: f = 25108.7 at   0.122033   0.730341   0.658089    0.30179  0.0728492  0.0466933  0.0146578  0.0665753  0.0988576 0.00120583 -0.0401657  -0.162831   0.102564  0.0660797
(NM) 2000: f = 25108.7 at   0.122112   0.730375    0.65806   0.301843   0.072906  0.0468096  0.0147458  0.0665583  0.0986763 0.00127508 -0.0400752  -0.162896   0.102515  0.0662851
(NM) 2020: f = 25108.7 at   0.122039   0.730368    0.65815   0.301892  0.0727395  0.0466648  0.0147835  0.0665384  0.0984375 0.00110611 -0.0398619  -0.162866   0.102562  0.0660269
(NM) 2040: f = 25108.7 at   0.122051   0.730357   0.658155   0.301814  0.0727949  0.0466225  0.0147222  0.0665991  0.0984461 0.00111576 -0.0400672  -0.162823   0.102611  0.0659408
(NM) 2060: f = 25108.7 at   0.122026   0.730385   0.658196   0.301715  0.0727955  0.0468042  0.0146945  0.0665051  0.0986118 0.00145588 -0.0402113  -0.162829   0.102586   0.066037
(NM) 2080: f = 25108.7 at   0.122025   0.730381   0.658225   0.301697  0.0730251  0.0466714  0.0146419   0.066516  0.0982057 0.00126122 -0.0402572  -0.162751   0.102629  0.0661728
(NM) 2100: f = 25108.7 at    0.12203   0.730399   0.658217   0.301622  0.0731084   0.046826    0.01461  0.0664017  0.0984139 0.00151671 -0.0404196  -0.162762   0.102617  0.0663223
(NM) 2120: f = 25108.7 at   0.122047   0.730417   0.658218   0.301618   0.073085  0.0468196  0.0146634    0.06637  0.0981128 0.00158287 -0.0404007  -0.162754   0.102634  0.0663259
(NM) 2140: f = 25108.7 at   0.122062   0.730422   0.658197   0.301711  0.0729345  0.0467309  0.0145775  0.0663924  0.0980411 0.00150246 -0.0401776  -0.162769   0.102646  0.0663806
(NM) 2160: f = 25108.7 at   0.122023   0.730431   0.658189   0.301671  0.0728408  0.0468012  0.0146302  0.0663378  0.0981537 0.00167438 -0.0402362  -0.162776   0.102634  0.0662895
(NM) 2180: f = 25108.7 at   0.122065   0.730413   0.658196   0.301719  0.0728591  0.0467913  0.0146515  0.0664263  0.0980883 0.00159387 -0.0401791  -0.162805   0.102628  0.0663012
(NM) 2200: f = 25108.7 at   0.122078   0.730407   0.658185   0.301662  0.0729217  0.0467817  0.0146311  0.0664273   0.097961 0.00166679 -0.0402975  -0.162779   0.102662  0.0663034
(NM) 2220: f = 25108.7 at   0.122075   0.730406    0.65818   0.301656  0.0729181  0.0467836  0.0146248  0.0664265  0.0979761 0.00168146 -0.0403056  -0.162778   0.102662  0.0663038
(NM) 2240: f = 25108.7 at   0.122058   0.730391   0.658187   0.301676  0.0729277  0.0467574  0.0146118  0.0664343  0.0979479 0.00163516  -0.040233  -0.162775   0.102654  0.0663294
(NM) 2260: f = 25108.7 at   0.122046   0.730366   0.658163   0.301693  0.0729272  0.0467552  0.0146806  0.0665546  0.0979179 0.00162104 -0.0402935  -0.162788   0.102635  0.0662595
(NM) 2280: f = 25108.7 at   0.122041   0.730364   0.658165   0.301679  0.0729448  0.0467569  0.0147003  0.0665211  0.0978289 0.00165649 -0.0403011  -0.162781   0.102646  0.0662579
(NM) 2300: f = 25108.7 at   0.122032    0.73036   0.658153   0.301708  0.0728642  0.0467359  0.0146613  0.0665605  0.0978444 0.00167218 -0.0402432  -0.162787    0.10264  0.0662785
(NM) 2320: f = 25108.7 at    0.12201   0.730364   0.658155   0.301683  0.0729366  0.0468553  0.0147464  0.0665566  0.0978065 0.00184053 -0.0403552  -0.162804     0.1026  0.0663624
(NM) 2340: f = 25108.7 at   0.121999   0.730349   0.658159   0.301706  0.0728917   0.046766  0.0147073   0.066588  0.0977877 0.00174401  -0.040329  -0.162785   0.102632  0.0662877
(NM) 2360: f = 25108.7 at   0.121963    0.73035   0.658162   0.301701  0.0728604  0.0467666  0.0146613   0.066545  0.0978247 0.00181232 -0.0403223  -0.162772   0.102634  0.0663393
(NM) 2380: f = 25108.7 at   0.121969   0.730358   0.658167   0.301707  0.0729538  0.0467854  0.0146849   0.066533  0.0977665 0.00178162 -0.0403558   -0.16277   0.102625  0.0664124
(NM) 2400: f = 25108.7 at   0.121952   0.730352   0.658158   0.301752  0.0729242  0.0467453  0.0147091  0.0665386  0.0977259 0.00173779  -0.040354  -0.162769   0.102638  0.0663876
(NM) 2420: f = 25108.7 at    0.12196   0.730353   0.658157   0.301785  0.0729295  0.0467206  0.0147096  0.0665499  0.0976352 0.00171051 -0.0403619  -0.162768   0.102653  0.0664176
(NM) 2440: f = 25108.7 at   0.121972   0.730367   0.658154    0.30181  0.0729387  0.0467714  0.0147369   0.066494  0.0977579 0.00172904 -0.0403934   -0.16279   0.102648  0.0664489
(NM) 2460: f = 25108.7 at   0.121967   0.730378   0.658156   0.301832  0.0729443  0.0467638  0.0146711  0.0664632  0.0977908 0.00173741 -0.0403968  -0.162783   0.102658  0.0665557
(NM) 2480: f = 25108.7 at    0.12198   0.730375   0.658159   0.301823  0.0729991  0.0467785  0.0146576  0.0664441  0.0978671 0.00172202  -0.040439  -0.162785   0.102666  0.0665719
(NM) 2500: f = 25108.7 at   0.121969   0.730365   0.658162   0.301811  0.0730005  0.0467558   0.014657  0.0664784  0.0977819 0.00174139 -0.0404833   -0.16277   0.102679  0.0665471
(NM) 2520: f = 25108.7 at   0.121963   0.730359   0.658154   0.301817  0.0730126  0.0467566  0.0146642  0.0664659  0.0978404 0.00173407 -0.0405099  -0.162772   0.102682  0.0665387
(NM) 2540: f = 25108.7 at   0.121962   0.730356   0.658146   0.301823  0.0729953  0.0467455  0.0146621  0.0664924  0.0977985 0.00175087 -0.0405284   -0.16277   0.102687  0.0665409
(NM) 2560: f = 25108.7 at   0.121961    0.73036   0.658141   0.301828    0.07299  0.0467463  0.0146657  0.0664929  0.0978558 0.00172256 -0.0405223  -0.162774   0.102681  0.0665263
(NM) 2580: f = 25108.7 at    0.12197   0.730366    0.65814   0.301799  0.0729974  0.0467567  0.0146534  0.0665117  0.0978353  0.0017377 -0.0405146  -0.162771   0.102669  0.0665328
(NM) 2600: f = 25108.7 at    0.12196   0.730371   0.658133   0.301837  0.0729786  0.0467445  0.0146544  0.0665099  0.0978281 0.00172649 -0.0405203  -0.162773   0.102673  0.0665672
(NM) 2620: f = 25108.7 at   0.121965   0.730362   0.658134   0.301814  0.0730106  0.0467454  0.0146585   0.066524  0.0978159 0.00173438 -0.0405652  -0.162768   0.102681  0.0665411
(NM) 2640: f = 25108.7 at   0.121965    0.73037   0.658133    0.30183  0.0730089   0.046747  0.0146697  0.0665128  0.0978298 0.00170497 -0.0405458  -0.162773   0.102674  0.0665508
(NM) 2660: f = 25108.7 at   0.121964   0.730369   0.658137   0.301813   0.072992  0.0467327  0.0146445  0.0665315  0.0978347 0.00170186 -0.0405401  -0.162766   0.102679  0.0665247
(NM) 2680: f = 25108.7 at   0.121964   0.730373   0.658132   0.301822  0.0729956  0.0467328  0.0146409  0.0665409  0.0978264 0.00169816 -0.0405454  -0.162766   0.102676   0.066549
(NM) 2700: f = 25108.7 at   0.121963   0.730378   0.658141   0.301817  0.0730012  0.0467252  0.0146329  0.0665435  0.0978323 0.00167338 -0.0405539  -0.162762   0.102681  0.0665331
(NM) 2720: f = 25108.7 at   0.121955   0.730375    0.65814   0.301815  0.0729891  0.0467215  0.0146282  0.0665549   0.097858 0.00167245 -0.0405588  -0.162761   0.102681  0.0665144
(NM) 2740: f = 25108.7 at   0.121959   0.730374   0.658142   0.301824  0.0729877   0.046726  0.0146522  0.0665465  0.0978341 0.00167262 -0.0405514  -0.162767   0.102682  0.0665045
(NM) 2760: f = 25108.7 at   0.121956   0.730378    0.65814   0.301835  0.0729678  0.0467344  0.0146603  0.0665475  0.0978383 0.00168895  -0.040558  -0.162773   0.102682  0.0665045
(NM) 2780: f = 25108.7 at   0.121956   0.730376    0.65814   0.301817  0.0730081  0.0467473  0.0146656  0.0665705  0.0978573 0.00169215 -0.0406203  -0.162771   0.102682  0.0664974
(NM) 2800: f = 25108.7 at    0.12196   0.730383   0.658143   0.301828  0.0729922   0.046747  0.0146591   0.066559  0.0978264  0.0017002 -0.0405958  -0.162773   0.102684  0.0665196
(NM) 2820: f = 25108.7 at   0.121958   0.730386   0.658145   0.301823  0.0729896  0.0467531  0.0146466   0.066573   0.097821 0.00172091 -0.0406156  -0.162773   0.102687  0.0665277
(NM) 2840: f = 25108.7 at   0.121959   0.730381   0.658142   0.301817  0.0729666  0.0467537  0.0146518  0.0665815  0.0978067 0.00174079 -0.0405971  -0.162777   0.102686  0.0665038
(NM) 2860: f = 25108.7 at   0.121962   0.730385   0.658138   0.301823  0.0729593  0.0467563  0.0146466  0.0665899  0.0977918 0.00174488 -0.0405858  -0.162781   0.102684  0.0665205
(NM) 2880: f = 25108.7 at   0.121955   0.730381   0.658139   0.301811  0.0729505  0.0467464   0.014611   0.066616  0.0978069 0.00175241  -0.040588  -0.162775   0.102686  0.0665216
(NM) 2900: f = 25108.7 at   0.121956   0.730376   0.658138   0.301812  0.0729385  0.0467565  0.0146014   0.066618  0.0978257 0.00177566  -0.040575  -0.162786   0.102692  0.0665151
(NM) 2920: f = 25108.7 at   0.121955   0.730377   0.658134   0.301822  0.0729784  0.0467495  0.0145906  0.0666356  0.0978383 0.00173716  -0.040606  -0.162783   0.102692  0.0665483
(NM) 2940: f = 25108.7 at   0.121949   0.730368   0.658128    0.30182  0.0729676  0.0467519  0.0145661   0.066667  0.0978838 0.00174084 -0.0405818  -0.162792   0.102688  0.0665459
(NM) 2960: f = 25108.7 at   0.121959    0.73037   0.658133   0.301828  0.0729999  0.0467604  0.0145863  0.0666551  0.0978622 0.00172513 -0.0405976  -0.162797   0.102693  0.0665525
(NM) 2980: f = 25108.7 at   0.121963   0.730363   0.658133    0.30181  0.0730005  0.0467556  0.0145564  0.0666879  0.0978504 0.00172943 -0.0405685  -0.162797    0.10269  0.0665547
(NM) 3000: f = 25108.7 at   0.121963    0.73037   0.658136   0.301817  0.0729999  0.0467455   0.014578  0.0666696  0.0978401 0.00169635 -0.0405696  -0.162792   0.102691  0.0665365
(NM) 3020: f = 25108.7 at   0.121971   0.730367   0.658138    0.30181  0.0730275  0.0467528  0.0145664  0.0667107  0.0978157 0.00168519  -0.040561    -0.1628   0.102687  0.0665491
(NM) 3040: f = 25108.7 at   0.121969    0.73037   0.658139   0.301818  0.0730093  0.0467549  0.0145657  0.0666994  0.0978278 0.00169269  -0.040553  -0.162801   0.102688  0.0665515
(NM) 3060: f = 25108.7 at   0.121963   0.730377   0.658137   0.301827  0.0729857   0.046768  0.0145936  0.0666882  0.0978433 0.00170579  -0.040557  -0.162806   0.102679  0.0665405
(NM) 3080: f = 25108.7 at   0.121961   0.730372   0.658135   0.301819  0.0730155  0.0467762  0.0145847  0.0667332  0.0978666 0.00169085 -0.0405799  -0.162813   0.102678   0.066535
(NM) 3100: f = 25108.7 at    0.12196   0.730374   0.658137   0.301817  0.0730188  0.0467779  0.0145841  0.0667321  0.0978679 0.00169272 -0.0405892  -0.162811   0.102678  0.0665375
(NM) 3120: f = 25108.7 at   0.121959   0.730378   0.658145   0.301811  0.0730358  0.0467902  0.0145788  0.0667415  0.0978606 0.00169736 -0.0405959  -0.162813   0.102675  0.0665539
(NM) 3140: f = 25108.7 at   0.121964   0.730382   0.658146   0.301812  0.0730206  0.0467971  0.0145789  0.0667523  0.0978386 0.00170344 -0.0405663  -0.162821   0.102672   0.066551
(NM) 3160: f = 25108.7 at   0.121961   0.730388   0.658148   0.301811  0.0730258  0.0467973  0.0145799  0.0667345  0.0978379 0.00170464 -0.0405799  -0.162815   0.102671  0.0665661
(NM) 3180: f = 25108.7 at   0.121958   0.730382   0.658146   0.301804  0.0730334  0.0467969  0.0145659  0.0667342  0.0978546 0.00171751 -0.0405875  -0.162812   0.102672   0.066575
(NM) 3200: f = 25108.7 at   0.121959   0.730385   0.658152   0.301791  0.0730556  0.0468394  0.0145607  0.0667239  0.0978541 0.00177047 -0.0405758  -0.162824   0.102665  0.0666187
(NM) 3220: f = 25108.7 at   0.121959   0.730381   0.658149   0.301795  0.0730658  0.0468234  0.0145734  0.0666963  0.0978858 0.00173134 -0.0405711  -0.162819   0.102667  0.0665971
(NM) 3240: f = 25108.7 at   0.121967   0.730384   0.658153   0.301784   0.073051  0.0468432  0.0145754  0.0666894  0.0978764 0.00174471 -0.0405008  -0.162832   0.102658  0.0665903
(NM) 3260: f = 25108.7 at   0.121968   0.730378   0.658151   0.301784  0.0730785  0.0468451  0.0145705  0.0667012  0.0979159 0.00170669 -0.0404809   -0.16284   0.102655  0.0665881
(NM) 3280: f = 25108.7 at   0.121968   0.730378   0.658149   0.301783   0.073074  0.0468432  0.0145827  0.0666583  0.0979199 0.00172271 -0.0404881  -0.162833   0.102658  0.0665875
(NM) 3300: f = 25108.7 at   0.121967   0.730382   0.658149   0.301779  0.0730576  0.0468392  0.0145913  0.0666653  0.0979136 0.00172328 -0.0405009  -0.162831    0.10266  0.0665601
(NM) 3320: f = 25108.7 at   0.121972   0.730383   0.658152   0.301767  0.0730989  0.0468595  0.0145891  0.0666594  0.0979206 0.00172401  -0.040503  -0.162836   0.102658  0.0665792
(NM) 3340: f = 25108.7 at    0.12197   0.730386   0.658148    0.30177  0.0730896  0.0468674  0.0145889  0.0666636  0.0979242 0.00174079 -0.0405077  -0.162841   0.102657   0.066587
(NM) 3360: f = 25108.7 at    0.12197   0.730386   0.658146   0.301766  0.0730679  0.0468588  0.0145886  0.0666747  0.0979178 0.00174359 -0.0405103  -0.162838   0.102659   0.066561
(NM) 3380: f = 25108.7 at    0.12197   0.730388   0.658145   0.301758  0.0730699  0.0468721  0.0145896  0.0666808  0.0979276 0.00175633 -0.0405131  -0.162844   0.102658  0.0665563
(NM) 3400: f = 25108.7 at   0.121969   0.730386   0.658146    0.30176  0.0730742  0.0468628  0.0145839  0.0666696  0.0979248 0.00174841 -0.0405083  -0.162838   0.102658  0.0665663
(NM) 3420: f = 25108.7 at   0.121967   0.730387   0.658148   0.301759  0.0730693  0.0468636  0.0145807  0.0666835  0.0979245 0.00174716 -0.0405045  -0.162839   0.102656  0.0665628
(NM) 3440: f = 25108.7 at   0.121966   0.730388   0.658147    0.30176  0.0730801  0.0468683  0.0145732  0.0666757  0.0979309 0.00174828 -0.0404996   -0.16284   0.102655  0.0665847
(NM) 3460: f = 25108.7 at   0.121963    0.73039   0.658146   0.301757  0.0730683  0.0468666  0.0145671  0.0666863  0.0979325 0.00175553 -0.0405064  -0.162839   0.102655  0.0665801
(NM) 3480: f = 25108.7 at   0.121963   0.730389   0.658147   0.301757  0.0730926   0.046874   0.014569  0.0666892  0.0979441 0.00174597 -0.0405175  -0.162842   0.102655  0.0665869
(NM) 3500: f = 25108.7 at   0.121962    0.73039   0.658141   0.301766  0.0730813  0.0468646   0.014563  0.0666788  0.0979442 0.00174108 -0.0405011   -0.16284   0.102655  0.0665991
(NM) 3520: f = 25108.7 at   0.121958   0.730385   0.658138   0.301769  0.0730926  0.0468544  0.0145516   0.066693  0.0979565 0.00171533 -0.0404934  -0.162841   0.102656  0.0666017
(NM) 3540: f = 25108.7 at    0.12196   0.730389   0.658141   0.301762  0.0730858  0.0468671  0.0145632  0.0666979  0.0979517 0.00173099 -0.0405016  -0.162845   0.102655   0.066583
(NM) 3560: f = 25108.7 at    0.12196   0.730386   0.658145   0.301769  0.0730955  0.0468566  0.0145621  0.0667035  0.0979318  0.0017127 -0.0405003  -0.162842   0.102658  0.0665884
(NM) 3580: f = 25108.7 at   0.121959   0.730386   0.658149   0.301757   0.073118  0.0468615  0.0145656  0.0666962  0.0979365 0.00170588 -0.0405125  -0.162841   0.102661  0.0665776
(NM) 3600: f = 25108.7 at   0.121953   0.730392    0.65814   0.301771  0.0730962  0.0468543  0.0145715  0.0666853  0.0979463 0.00169604 -0.0405065  -0.162842   0.102662  0.0665746
(NM) 3620: f = 25108.7 at   0.121946   0.730399   0.658146   0.301763   0.073123  0.0468544  0.0145727  0.0666794  0.0979384 0.00167116 -0.0405145   -0.16284   0.102667  0.0665665
(NM) 3640: f = 25108.7 at   0.121945     0.7304   0.658146   0.301769  0.0730931  0.0468649  0.0146005  0.0666544   0.097936 0.00170106 -0.0405097  -0.162845   0.102667  0.0665452
(NM) 3660: f = 25108.7 at   0.121939   0.730399   0.658145    0.30177  0.0730755  0.0468487  0.0146074  0.0666599  0.0979306 0.00167822 -0.0404989  -0.162842    0.10267  0.0665076
(NM) 3680: f = 25108.7 at   0.121936   0.730401   0.658152   0.301769  0.0730928  0.0468527  0.0146041  0.0666401   0.097931  0.0016767 -0.0404963  -0.162839   0.102669  0.0665284
(NM) 3700: f = 25108.7 at   0.121942   0.730395   0.658146   0.301768   0.073105  0.0468501  0.0145944  0.0666529  0.0979368 0.00168185 -0.0405164  -0.162838   0.102672  0.0665406
(NM) 3720: f = 25108.7 at   0.121937   0.730394   0.658148    0.30178  0.0730969  0.0468438  0.0145981  0.0666587  0.0979304 0.00166339 -0.0404933  -0.162841    0.10267  0.0665376
(NM) 3740: f = 25108.7 at   0.121939   0.730395   0.658151   0.301764    0.07311  0.0468536  0.0145964  0.0666552   0.097938 0.00167138 -0.0404973  -0.162841   0.102669   0.066531
(NM) 3760: f = 25108.7 at   0.121936   0.730395    0.65815   0.301763  0.0731065  0.0468556  0.0145885  0.0666583  0.0979436 0.00167767 -0.0404913  -0.162842   0.102667  0.0665393
(NM) 3780: f = 25108.7 at   0.121924   0.730391   0.658154   0.301758  0.0731116  0.0468607  0.0145846  0.0666543  0.0979495 0.00168767 -0.0404817  -0.162843   0.102667  0.0665403
(NM) 3800: f = 25108.7 at   0.121923   0.730388   0.658152   0.301759  0.0730938  0.0468568   0.014584  0.0666555  0.0979407 0.00170785 -0.0404866   -0.16284   0.102669  0.0665363
(NM) 3820: f = 25108.7 at   0.121923   0.730388   0.658151   0.301765  0.0730832  0.0468588  0.0145879  0.0666777  0.0979289 0.00171213 -0.0404892  -0.162845   0.102668  0.0665307
(NM) 3840: f = 25108.7 at   0.121925   0.730388   0.658149   0.301757   0.073084  0.0468582  0.0145842  0.0666662   0.097932 0.00172269 -0.0404987  -0.162841    0.10267  0.0665314
(NM) 3860: f = 25108.7 at   0.121924   0.730388   0.658149   0.301758  0.0730855  0.0468575  0.0145837  0.0666673  0.0979316 0.00172121 -0.0404996  -0.162841   0.102671  0.0665319
(NM) 3880: f = 25108.7 at    0.12192   0.730391   0.658149   0.301762  0.0730811  0.0468562  0.0145782  0.0666732  0.0979297 0.00171472 -0.0404892  -0.162842   0.102669  0.0665392
(NM) 3900: f = 25108.7 at   0.121921   0.730389   0.658145   0.301761  0.0730884  0.0468522  0.0145746  0.0666814  0.0979253 0.00171219 -0.0405002  -0.162841   0.102672  0.0665401
(NM) 3920: f = 25108.7 at   0.121923   0.730388   0.658147   0.301762   0.073104  0.0468442  0.0145736  0.0666814  0.0979162 0.00168792 -0.0404962  -0.162839   0.102674  0.0665408
(NM) 3940: f = 25108.7 at  0.121922  0.730391  0.658149  0.301767 0.0730915 0.0468302 0.0145714 0.0666781 0.0978826 0.0016768 -0.040478 -0.162835  0.102676 0.0665391
(NM) 3960: f = 25108.7 at   0.121923   0.730389   0.658148   0.301764   0.073098  0.0468371  0.0145743  0.0666706  0.0978965 0.00168473 -0.0404833  -0.162836   0.102676  0.0665413
(NM) 3980: f = 25108.7 at    0.12192   0.730389   0.658148   0.301761  0.0730903  0.0468341    0.01457  0.0666748  0.0978822 0.00169043 -0.0404776  -0.162835   0.102677  0.0665371
(NM) 4000: f = 25108.7 at   0.121923   0.730387   0.658147   0.301758  0.0731136  0.0468312  0.0145636  0.0666578   0.097865 0.00168311 -0.0404648  -0.162833    0.10268  0.0665561
(NM) 4020: f = 25108.7 at   0.121922   0.730388   0.658147   0.301754  0.0731152  0.0468427  0.0145606  0.0666554  0.0978764 0.00169978 -0.0404638  -0.162836   0.102678  0.0665667
(NM) 4040: f = 25108.7 at   0.121925   0.730386   0.658144   0.301759  0.0731131   0.046846  0.0145711  0.0666563  0.0978726 0.00170245 -0.0404621  -0.162841   0.102678  0.0665604
(NM) 4060: f = 25108.7 at   0.121923   0.730387   0.658142   0.301757  0.0731157  0.0468546   0.014569  0.0666519  0.0978638  0.0017123 -0.0404411  -0.162847   0.102677  0.0665715
(NM) 4080: f = 25108.7 at   0.121925   0.730386   0.658143    0.30176   0.073115  0.0468492  0.0145725  0.0666545  0.0978702 0.00170364 -0.0404555  -0.162844   0.102678  0.0665641
(NM) 4100: f = 25108.7 at   0.121923   0.730387   0.658143   0.301762  0.0731096  0.0468531  0.0145733  0.0666573   0.097861 0.00170957  -0.040445  -0.162847   0.102676  0.0665676
Generalized linear mixed model fit by maximum likelihood (Laplace
  Approximation) [glmerMod]
 Family: poisson  ( log )
Formula: gs ~ year + field + game_length + (1 | offense) + (1 | defense) +  
    (1 | game_id)
   Data: g
      AIC       BIC    logLik  deviance  df.resid 
 25136.68  25233.05 -12554.34  25108.68      7198 
Random effects:
 Groups  Name        Std.Dev.
 game_id (Intercept) 0.1219  
 defense (Intercept) 0.7304  
 offense (Intercept) 0.6581  
Number of obs: 7212, groups:  game_id, 3606; defense, 954; offense, 954
Fixed Effects:
      (Intercept)           year2009           year2010           year2011  
         0.301759           0.073108           0.046847           0.014570  
         year2012           year2013           year2014           year2015  
         0.066653           0.097864           0.001706          -0.040445  
fielddefense_home  fieldoffense_home    game_length1 OT  
        -0.162843           0.102677           0.066564  
Generalized linear mixed model fit by maximum likelihood (Laplace
  Approximation) [glmerMod]
 Family: poisson  ( log )
Formula: gs ~ year + field + game_length + (1 | offense) + (1 | defense) +  
    (1 | game_id)
   Data: g

     AIC      BIC   logLik deviance df.resid 
 25136.7  25233.1 -12554.3  25108.7     7198 

Scaled residuals: 
    Min      1Q  Median      3Q     Max 
-1.9261 -0.7664 -0.1801  0.4689  5.0369 

Random effects:
 Groups  Name        Variance Std.Dev.
 game_id (Intercept) 0.01487  0.1219  
 defense (Intercept) 0.53347  0.7304  
 offense (Intercept) 0.43315  0.6581  
Number of obs: 7212, groups:  game_id, 3606; defense, 954; offense, 954

Fixed effects:
                   Estimate Std. Error z value Pr(>|z|)    
(Intercept)        0.301759   0.101710   2.967 0.003009 ** 
year2009           0.073108   0.151034   0.484 0.628351    
year2010           0.046847   0.134722   0.348 0.728040    
year2011           0.014570   0.135837   0.107 0.914585    
year2012           0.066653   0.136547   0.488 0.625459    
year2013           0.097864   0.146672   0.667 0.504625    
year2014           0.001706   0.134965   0.013 0.989917    
year2015          -0.040445   0.148855  -0.272 0.785847    
fielddefense_home -0.162843   0.029166  -5.583 2.36e-08 ***
fieldoffense_home  0.102677   0.027354   3.754 0.000174 ***
game_length1 OT    0.066564   0.127963   0.520 0.602934    
---
Signif. codes:  0 ‘***’ 0.001 ‘**’ 0.01 ‘*’ 0.05 ‘.’ 0.1 ‘ ’ 1

Correlation of Fixed Effects:
            (Intr) yr2009 yr2010 yr2011 yr2012 yr2013 yr2014 yr2015 flddf_
year2009    -0.656                                                        
year2010    -0.735  0.496                                                 
year2011    -0.731  0.492  0.551                                          
year2012    -0.725  0.489  0.549  0.544                                   
year2013    -0.675  0.456  0.511  0.507  0.504                            
year2014    -0.732  0.495  0.555  0.550  0.548  0.510                     
year2015    -0.666  0.449  0.503  0.499  0.497  0.463  0.502              
filddfns_hm -0.121 -0.011 -0.007  0.002 -0.007 -0.014 -0.013 -0.009       
fildffns_hm -0.122 -0.011 -0.009  0.001 -0.009 -0.016 -0.015 -0.010  0.552
gm_lngth1OT -0.009  0.006  0.005  0.002  0.005  0.007  0.006  0.005 -0.003
            fldff_
year2009          
year2010          
year2011          
year2012          
year2013          
year2014          
year2015          
filddfns_hm       
fildffns_hm       
gm_lngth1OT  0.002
[1] TRUE
