BEGIN
CREATE TABLE
INSERT 0 20
 rk |     team      |  str  |  ofs  |  dfs  |  sos  
----+---------------+-------+-------+-------+-------
  1 | Paris S-G     |  0.65 |  0.44 | -0.21 | -0.02
  2 | Monaco        |  0.64 |  0.31 | -0.33 | -0.06
  3 | Lyon          |  0.61 |  0.50 | -0.11 | -0.01
  4 | Lille         |  0.59 |  0.01 | -0.59 | -0.03
  5 | Rennes        |  0.22 |  0.04 | -0.18 | -0.04
  6 | Lens          |  0.20 |  0.14 | -0.05 | -0.04
  7 | Strasbourg    |  0.10 |  0.07 | -0.03 |  0.02
  8 | Marseille     |  0.00 | -0.08 | -0.09 |  0.00
  9 | Saint-Étienne |  0.00 | -0.04 | -0.04 | -0.02
 10 | Lorient       | -0.03 |  0.04 |  0.08 | -0.02
 11 | Brest         | -0.11 | -0.01 |  0.10 | -0.03
 12 | Metz          | -0.11 | -0.12 | -0.01 |  0.00
 13 | Nice          | -0.12 | -0.05 |  0.07 | -0.01
 14 | Nantes        | -0.15 | -0.02 |  0.13 |  0.03
 15 | Angers        | -0.21 | -0.18 |  0.02 |  0.01
 16 | Montpellier   | -0.26 |  0.02 |  0.28 |  0.02
 17 | Bordeaux      | -0.30 | -0.16 |  0.14 |  0.02
 18 | Nîmes         | -0.45 | -0.17 |  0.29 | -0.01
 19 | Reims         | -0.49 | -0.31 |  0.17 |  0.00
 20 | Dijon         | -0.79 | -0.43 |  0.37 |  0.05
(20 rows)

 rk |     team      |  str  |  ofs  |  dfs  |  sos  
----+---------------+-------+-------+-------+-------
  1 | Paris S-G     |  0.65 |  0.44 | -0.21 | -0.02
  2 | Monaco        |  0.64 |  0.31 | -0.33 | -0.06
  3 | Lyon          |  0.61 |  0.50 | -0.11 | -0.01
  4 | Lille         |  0.59 |  0.01 | -0.59 | -0.03
  5 | Rennes        |  0.22 |  0.04 | -0.18 | -0.04
  6 | Lens          |  0.20 |  0.14 | -0.05 | -0.04
  7 | Strasbourg    |  0.10 |  0.07 | -0.03 |  0.02
  8 | Marseille     |  0.00 | -0.08 | -0.09 |  0.00
  9 | Saint-Étienne |  0.00 | -0.04 | -0.04 | -0.02
 10 | Lorient       | -0.03 |  0.04 |  0.08 | -0.02
 11 | Brest         | -0.11 | -0.01 |  0.10 | -0.03
 12 | Metz          | -0.11 | -0.12 | -0.01 |  0.00
 13 | Nice          | -0.12 | -0.05 |  0.07 | -0.01
 14 | Nantes        | -0.15 | -0.02 |  0.13 |  0.03
 15 | Angers        | -0.21 | -0.18 |  0.02 |  0.01
 16 | Montpellier   | -0.26 |  0.02 |  0.28 |  0.02
 17 | Bordeaux      | -0.30 | -0.16 |  0.14 |  0.02
 18 | Nîmes         | -0.45 | -0.17 |  0.29 | -0.01
 19 | Reims         | -0.49 | -0.31 |  0.17 |  0.00
 20 | Dijon         | -0.79 | -0.43 |  0.37 |  0.05
(20 rows)

COPY 20
COMMIT
