     team     | p  | w  | d | l  | gf | ga | gd  | pts 
--------------+----+----+---+----+----+----+-----+-----
 Sydney FC    | 19 | 14 | 5 |  0 | 41 |  9 |  32 |  47
 Melbourne V  | 18 | 11 | 2 |  5 | 39 | 24 |  15 |  35
 Brisbane     | 19 |  7 | 8 |  4 | 25 | 23 |   2 |  29
 Melbourne C  | 19 |  7 | 6 |  6 | 30 | 27 |   3 |  27
 Perth Glory  | 19 |  7 | 6 |  6 | 36 | 35 |   1 |  27
 Western Sydn | 18 |  4 | 9 |  5 | 23 | 27 |  -4 |  21
 N'castle Jet | 18 |  5 | 5 |  8 | 26 | 32 |  -6 |  20
 Wellington P | 19 |  5 | 4 | 10 | 22 | 29 |  -7 |  19
 CC Mariners  | 18 |  4 | 4 | 10 | 21 | 35 | -14 |  16
 Adelaide Utd | 19 |  2 | 5 | 12 | 15 | 37 | -22 |  11
(10 rows)

