     team     | p  | w  | d | l  | gf | ga | gd  | pts 
--------------+----+----+---+----+----+----+-----+-----
 SC Rheindorf | 19 | 12 | 3 |  4 | 30 | 21 |   9 |  39
 FC Salzburg  | 19 | 11 | 4 |  4 | 36 | 16 |  20 |  37
 SK Sturm Gra | 19 | 11 | 3 |  5 | 33 | 17 |  16 |  36
 Vienna       | 19 | 11 | 1 |  7 | 35 | 29 |   6 |  34
 Rapid Vienna | 19 |  7 | 6 |  6 | 31 | 20 |  11 |  27
 RZ Pellets W | 19 |  6 | 4 |  9 | 25 | 31 |  -6 |  22
 Admira Wacke | 19 |  7 | 1 | 11 | 17 | 33 | -16 |  22
 SV Josko Rie | 19 |  6 | 2 | 11 | 18 | 29 | -11 |  20
 St. Pölten   | 19 |  4 | 5 | 10 | 21 | 36 | -15 |  17
 Mattersburg  | 19 |  3 | 5 | 11 | 19 | 33 | -14 |  14
(10 rows)

