     team     | p  | w | d | l | gf | ga | gd  | pts 
--------------+----+---+---+---+----+----+-----+-----
 Waregem      | 13 | 8 | 3 | 2 | 20 | 12 |   8 |  27
 Club Brugge  | 13 | 7 | 3 | 3 | 18 | 10 |   8 |  24
 KV Oostende  | 13 | 6 | 4 | 3 | 24 | 16 |   8 |  22
 Anderlecht   | 13 | 6 | 4 | 3 | 23 | 15 |   8 |  22
 Genk         | 13 | 7 | 1 | 5 | 16 | 15 |   1 |  22
 KAA Gent     | 13 | 6 | 3 | 4 | 20 | 14 |   6 |  21
 Royal Charle | 13 | 5 | 6 | 2 | 17 | 14 |   3 |  21
 KV Kortrijk  | 13 | 5 | 5 | 3 | 24 | 21 |   3 |  20
 KV Mechelen  | 13 | 5 | 3 | 5 | 15 | 14 |   1 |  18
 St Liege     | 13 | 4 | 4 | 5 | 17 | 15 |   2 |  16
 Eupen        | 13 | 4 | 3 | 6 | 20 | 27 |  -7 |  15
 Lokeren      | 13 | 2 | 2 | 9 |  9 | 19 | -10 |   8
 St. Truiden  | 13 | 1 | 4 | 8 | 11 | 22 | -11 |   7
 Westerlo     | 13 | 1 | 3 | 9 | 13 | 33 | -20 |   6
(14 rows)

