     team     | p  | w  | d | l  | gf | ga | gd  | pts 
--------------+----+----+---+----+----+----+-----+-----
 Copenhagen   | 19 | 14 | 5 |  0 | 44 |  8 |  36 |  47
 Brondby      | 18 | 10 | 5 |  3 | 39 | 15 |  24 |  35
 FC Midtjylla | 18 |  9 | 5 |  4 | 37 | 20 |  17 |  32
 Randers FC   | 18 |  9 | 5 |  4 | 25 | 19 |   6 |  32
 Lyngby       | 19 |  9 | 3 |  7 | 19 | 17 |   2 |  30
 Sonderjyske  | 19 |  7 | 7 |  5 | 24 | 25 |  -1 |  28
 AC Horsens   | 18 |  6 | 6 |  6 | 22 | 31 |  -9 |  24
 AaB          | 19 |  6 | 5 |  8 | 20 | 27 |  -7 |  23
 FC Nords     | 18 |  5 | 6 |  7 | 28 | 33 |  -5 |  21
 AGF Aarhus   | 19 |  5 | 5 |  9 | 27 | 31 |  -4 |  20
 Silkeborg IF | 18 |  4 | 7 |  7 | 22 | 32 | -10 |  19
 Odense Boldk | 18 |  3 | 5 | 10 | 14 | 27 | -13 |  14
 Viborg FF    | 19 |  3 | 4 | 12 | 20 | 34 | -14 |  13
 Esbjerg FB   | 18 |  2 | 6 | 10 | 19 | 41 | -22 |  12
(14 rows)

