     team     | p  | w  | d | l  | gf | ga | gd  | pts 
--------------+----+----+---+----+----+----+-----+-----
 Olympiakos   | 20 | 16 | 3 |  1 | 43 |  9 |  34 |  51
 PAOK Salonik | 19 | 12 | 2 |  5 | 29 | 13 |  16 |  38
 Panionios    | 20 | 11 | 5 |  4 | 27 | 14 |  13 |  38
 P'thinaikos  | 19 |  8 | 8 |  3 | 22 | 12 |  10 |  32
 FC Xanthi    | 19 |  9 | 5 |  5 | 22 | 18 |   4 |  32
 AEK Athens   | 19 |  7 | 8 |  4 | 31 | 16 |  15 |  29
 Platanias    | 19 |  7 | 7 |  5 | 20 | 21 |  -1 |  28
 Pas Giannina | 19 |  7 | 6 |  6 | 20 | 18 |   2 |  27
 Atromitos    | 20 |  7 | 5 |  8 | 20 | 28 |  -8 |  26
 Panetolikos  | 19 |  6 | 4 |  9 | 23 | 25 |  -2 |  22
 Asteras Trip | 20 |  5 | 5 | 10 | 21 | 29 |  -8 |  20
 Kerkyra      | 19 |  4 | 7 |  8 | 16 | 22 |  -6 |  19
 Larissa FC   | 20 |  3 | 8 |  9 | 17 | 28 | -11 |  17
 Levadiakos   | 19 |  3 | 5 | 11 | 14 | 34 | -20 |  14
 Iraklis      | 19 |  2 | 7 | 10 | 14 | 28 | -14 |  13
 Veria        | 20 |  2 | 7 | 11 | 11 | 35 | -24 |  13
(16 rows)

