     team     | p  | w | d | l | gf | ga | gd | pts 
--------------+----+---+---+---+----+----+----+-----
 Mumbai City  | 12 | 5 | 4 | 3 | 14 |  8 |  6 |  19
 Delhi Dynamo | 11 | 4 | 5 | 2 | 21 | 14 |  7 |  17
 Kolkata      | 11 | 3 | 6 | 2 | 13 | 12 |  1 |  15
 FC Pune City | 11 | 4 | 3 | 4 | 12 | 13 | -1 |  15
 Kerala Blast | 11 | 4 | 3 | 4 |  9 | 13 | -4 |  15
 Chennaiyin   | 11 | 3 | 5 | 3 | 13 | 15 | -2 |  14
 NorthEast Un | 10 | 3 | 2 | 5 |  8 |  9 | -1 |  11
 FC Goa       | 11 | 3 | 2 | 6 |  8 | 14 | -6 |  11
(8 rows)

