     team     | p  | w  | d  | l  | gf | ga | gd  | pts 
--------------+----+----+----+----+----+----+-----+-----
 Hapoel Be'e  | 35 | 24 |  8 |  3 | 70 | 18 |  52 |  80
 Maccabi Tel- | 35 | 21 |  8 |  6 | 59 | 24 |  35 |  71
 Jerusalem    | 35 | 15 | 13 |  7 | 49 | 33 |  16 |  58
 Maccabi Peta | 35 | 15 | 10 | 10 | 42 | 34 |   8 |  55
 Bnei Sakhnin | 35 | 13 |  9 | 13 | 32 | 44 | -12 |  48
 Mac Haifa    | 35 | 11 |  9 | 15 | 31 | 39 |  -8 |  42
 Hapoel Kirya | 33 | 10 | 10 | 13 | 44 | 46 |  -2 |  40
 Moadon Sport | 33 |  7 | 16 | 10 | 21 | 30 |  -9 |  37
 Hapoel Tel A | 33 |  7 | 15 | 11 | 27 | 34 |  -7 |  36
 Bnei Yehuda  | 33 |  8 | 12 | 13 | 26 | 37 | -11 |  36
 Hapoel Ra    | 33 |  9 |  9 | 15 | 22 | 40 | -18 |  36
 Hapoel Haifa | 33 |  9 |  8 | 16 | 37 | 46 |  -9 |  35
 Hapoel Ashke | 33 |  7 | 11 | 15 | 24 | 42 | -18 |  32
 Hapoel Kfar  | 33 |  7 | 10 | 16 | 23 | 40 | -17 |  31
(14 rows)

