     team     | p  | w  | d | l  | gf | ga | gd  | pts 
--------------+----+----+---+----+----+----+-----+-----
 Crusaders    | 19 | 13 | 5 |  1 | 42 | 17 |  25 |  44
 Linfield     | 19 | 11 | 6 |  2 | 45 | 13 |  32 |  39
 Cliftonville | 19 | 12 | 2 |  5 | 34 | 20 |  14 |  38
 Ballymena    | 19 | 10 | 3 |  6 | 40 | 39 |   1 |  33
 Coleraine    | 19 |  7 | 7 |  5 | 25 | 21 |   4 |  28
 Glenavon     | 18 |  6 | 8 |  4 | 29 | 25 |   4 |  26
 Dungannon    | 19 |  6 | 6 |  7 | 31 | 26 |   5 |  24
 Glentoran    | 19 |  6 | 5 |  8 | 18 | 27 |  -9 |  23
 Ards         | 19 |  5 | 3 | 11 | 25 | 35 | -10 |  18
 Portadown    | 19 |  4 | 3 | 12 | 14 | 33 | -19 |  15
 Ballinamalla | 18 |  3 | 3 | 12 | 19 | 40 | -21 |  12
 Carrick      | 19 |  3 | 3 | 13 | 15 | 41 | -26 |  12
(12 rows)

