     team     | p  | w  | d  | l  | gf | ga | gd  | pts 
--------------+----+----+----+----+----+----+-----+-----
 Rosenborg    | 24 | 18 |  5 |  1 | 54 | 16 |  38 |  59
 SK Brann     | 24 | 12 |  5 |  7 | 34 | 22 |  12 |  41
 Odds BK      | 24 | 12 |  5 |  7 | 35 | 27 |   8 |  41
 Haugesund    | 24 | 11 |  7 |  6 | 39 | 34 |   5 |  40
 Molde        | 24 | 11 |  5 |  8 | 41 | 36 |   5 |  38
 Viking FK    | 24 | 10 |  6 |  8 | 26 | 28 |  -2 |  36
 Sarpsborg FK | 24 | 10 |  6 |  8 | 26 | 29 |  -3 |  36
 Stromsgodset | 24 | 10 |  5 |  9 | 36 | 33 |   3 |  35
 Sogndal      | 24 |  7 | 10 |  7 | 28 | 28 |   0 |  31
 Valerenga    | 24 |  8 |  6 | 10 | 33 | 33 |   0 |  30
 Tromso       | 24 |  8 |  6 | 10 | 30 | 35 |  -5 |  30
 Bodo/Glimt   | 24 |  7 |  6 | 11 | 30 | 35 |  -5 |  27
 Aalesund     | 24 |  7 |  5 | 12 | 33 | 44 | -11 |  26
 Stabaek      | 24 |  6 |  6 | 12 | 28 | 34 |  -6 |  24
 Lillestrom   | 24 |  5 |  8 | 11 | 37 | 44 |  -7 |  23
 IK Start     | 24 |  0 |  9 | 15 | 18 | 50 | -32 |   9
(16 rows)

