     team     | p  | w  | d | l  | gf | ga | gd  | pts 
--------------+----+----+---+----+----+----+-----+-----
 Steaua       | 16 | 10 | 3 |  3 | 22 | 11 |  11 |  33
 CFR Cluj     | 16 |  9 | 5 |  2 | 28 | 12 |  16 |  32
 Universitate | 17 |  9 | 3 |  5 | 24 | 18 |   6 |  30
 Viitorul Con | 17 |  9 | 3 |  5 | 21 | 17 |   4 |  30
 Gaz Metan    | 16 |  7 | 6 |  3 | 21 | 17 |   4 |  27
 D Bucuresti  | 16 |  6 | 5 |  5 | 26 | 19 |   7 |  23
 FC Botosani  | 16 |  7 | 2 |  7 | 23 | 17 |   6 |  23
 Voluntari    | 16 |  6 | 3 |  7 | 22 | 22 |   0 |  21
 Pandurii     | 16 |  5 | 5 |  6 | 17 | 20 |  -3 |  20
 FK Astra Giu | 16 |  5 | 5 |  6 | 16 | 20 |  -4 |  20
 CSMS Iasi    | 17 |  4 | 4 |  9 | 15 | 20 |  -5 |  16
 Concordia Ch | 16 |  4 | 4 |  8 |  8 | 18 | -10 |  16
 ACS Poli Tim | 16 |  4 | 3 |  9 | 16 | 29 | -13 |  15
 ASA Targu Mu | 17 |  2 | 3 | 12 | 12 | 31 | -19 |   9
(14 rows)

