     team     | p  | w  | d  | l  | gf | ga | gd  | pts 
--------------+----+----+----+----+----+----+-----+-----
 Spart Moscow | 27 | 20 |  3 |  4 | 44 | 24 |  20 |  63
 CSKA Moscow  | 27 | 15 |  8 |  4 | 38 | 15 |  23 |  53
 Zenit        | 27 | 15 |  7 |  5 | 45 | 19 |  26 |  52
 Krasnodar    | 28 | 10 | 13 |  5 | 32 | 21 |  11 |  43
 Rostov       | 27 | 11 |  9 |  7 | 27 | 16 |  11 |  42
 Terek Grozny | 27 | 12 |  5 | 10 | 33 | 33 |   0 |  41
 Loko Moscow  | 27 |  9 | 11 |  7 | 31 | 22 |   9 |  38
 FC Ufa       | 27 | 10 |  7 | 10 | 20 | 24 |  -4 |  37
 Amkar        | 27 |  7 | 11 |  9 | 23 | 26 |  -3 |  32
 FK Rubin     | 27 |  8 |  7 | 12 | 24 | 30 |  -6 |  31
 Anzhi        | 27 |  6 |  8 | 13 | 18 | 31 | -13 |  26
 Ural         | 27 |  7 |  5 | 15 | 22 | 42 | -20 |  26
 Krylia       | 27 |  4 | 10 | 13 | 25 | 36 | -11 |  22
 FC Arsenal T | 27 |  5 |  7 | 15 | 12 | 39 | -27 |  22
 Orenburg     | 27 |  4 |  9 | 14 | 18 | 34 | -16 |  21
(15 rows)

