     team     | p  | w  | d  | l  | gf | ga | gd  | pts 
--------------+----+----+----+----+----+----+-----+-----
 Forfar       | 28 | 16 |  7 |  5 | 56 | 38 |  18 |  55
 Arbroath     | 28 | 14 | 10 |  4 | 49 | 27 |  22 |  52
 Annan Athlet | 28 | 14 |  4 | 10 | 46 | 44 |   2 |  46
 Elgin        | 27 | 14 |  3 | 10 | 56 | 31 |  25 |  45
 Stirling     | 28 |  9 |  9 | 10 | 42 | 47 |  -5 |  36
 Montrose     | 28 |  9 |  8 | 11 | 33 | 46 | -13 |  35
 Berwick      | 27 |  8 |  7 | 12 | 38 | 50 | -12 |  31
 Edinburgh Ci | 27 |  7 |  8 | 12 | 25 | 33 |  -8 |  29
 Clyde        | 27 |  7 |  6 | 14 | 37 | 49 | -12 |  27
 Cowdenbeath  | 26 |  6 |  4 | 16 | 30 | 47 | -17 |  22
(10 rows)

