     team     | p  | w  | d | l  | gf | ga | gd  | pts 
--------------+----+----+---+----+----+----+-----+-----
 Livingston   | 20 | 14 | 0 |  6 | 46 | 24 |  22 |  42
 Alloa        | 20 |  9 | 6 |  5 | 41 | 28 |  13 |  33
 Airdrieon    | 20 | 10 | 2 |  8 | 32 | 34 |  -2 |  32
 Brechin      | 20 | 10 | 1 |  9 | 24 | 22 |   2 |  31
 Queen's Park | 20 |  9 | 3 |  8 | 20 | 25 |  -5 |  30
 East Fife    | 19 |  8 | 4 |  7 | 25 | 20 |   5 |  28
 Albion       | 19 |  8 | 3 |  8 | 26 | 25 |   1 |  27
 Peterhead    | 20 |  6 | 4 | 10 | 23 | 33 | -10 |  22
 Stranraer    | 20 |  6 | 2 | 12 | 26 | 35 |  -9 |  20
 Stenhousem'r | 20 |  5 | 3 | 12 | 26 | 43 | -17 |  18
(10 rows)

