     team     | p  | w  | d | l  | gf | ga | gd  | pts 
--------------+----+----+---+----+----+----+-----+-----
 Hibernian    | 22 | 14 | 6 |  2 | 37 | 11 |  26 |  48
 Dundee Utd   | 22 | 11 | 7 |  4 | 31 | 21 |  10 |  40
 Morton       | 21 | 10 | 7 |  4 | 33 | 21 |  12 |  37
 Falkirk      | 22 |  9 | 7 |  6 | 33 | 26 |   7 |  34
 Queen of S't | 23 |  7 | 7 |  9 | 30 | 34 |  -4 |  28
 Dunfermline  | 22 |  6 | 8 |  8 | 28 | 31 |  -3 |  26
 Raith        | 21 |  6 | 7 |  8 | 22 | 27 |  -5 |  25
 Dumbarton    | 23 |  6 | 6 | 11 | 26 | 34 |  -8 |  24
 Ayr          | 22 |  4 | 8 | 10 | 20 | 35 | -15 |  20
 St Mirren    | 22 |  2 | 7 | 13 | 20 | 40 | -20 |  13
(10 rows)

