     team     | p  | w  | d  | l  | gf | ga | gd  | pts 
--------------+----+----+----+----+----+----+-----+-----
 Celtic       | 17 | 16 |  1 |  0 | 47 | 13 |  34 |  49
 Rangers      | 18 | 10 |  5 |  3 | 25 | 18 |   7 |  35
 Aberdeen     | 18 |  9 |  4 |  5 | 32 | 18 |  14 |  31
 Hearts       | 19 |  7 |  7 |  5 | 34 | 25 |   9 |  28
 St Johnstone | 18 |  7 |  6 |  5 | 24 | 20 |   4 |  27
 Ross County  | 19 |  4 |  8 |  7 | 20 | 32 | -12 |  20
 Dundee       | 19 |  5 |  4 | 10 | 18 | 26 |  -8 |  19
 Kilmarnock   | 19 |  4 |  7 |  8 | 16 | 31 | -15 |  19
 Partick      | 19 |  4 |  6 |  9 | 22 | 29 |  -7 |  18
 Motherwell   | 18 |  4 |  5 |  9 | 22 | 31 |  -9 |  17
 Hamilton     | 18 |  2 | 10 |  6 | 19 | 25 |  -6 |  16
 Inverness CT | 18 |  3 |  7 |  8 | 23 | 34 | -11 |  16
(12 rows)

