     team     | p  | w  | d | l  | gf | ga | gd  | pts 
--------------+----+----+---+----+----+----+-----+-----
 FC Basel     | 17 | 14 | 2 |  1 | 48 | 15 |  33 |  44
 Young Boys   | 17 |  9 | 5 |  3 | 39 | 22 |  17 |  32
 Lucerne      | 17 |  9 | 2 |  6 | 35 | 30 |   5 |  29
 FC Sion      | 16 |  8 | 2 |  6 | 34 | 28 |   6 |  26
 Grasshoppers | 16 |  5 | 3 |  8 | 24 | 31 |  -7 |  18
 St Gallen    | 16 |  5 | 3 |  8 | 18 | 25 |  -7 |  18
 Lausanne Spo | 16 |  5 | 2 |  9 | 28 | 31 |  -3 |  17
 AC Lugano    | 16 |  4 | 4 |  8 | 22 | 34 | -12 |  16
 FC Thun      | 16 |  3 | 6 |  7 | 20 | 30 | -10 |  15
 FC Vaduz     | 17 |  4 | 3 | 10 | 20 | 42 | -22 |  15
(10 rows)

