     team     | p  | w  | d | l  | gf | ga | gd  | pts 
--------------+----+----+---+----+----+----+-----+-----
 Besiktas     | 18 | 13 | 4 |  1 | 39 | 14 |  25 |  43
 Istanbul Buy | 16 |  9 | 6 |  1 | 31 | 11 |  20 |  33
 Galatasaray  | 18 |  9 | 4 |  5 | 34 | 19 |  15 |  31
 Fenerbahce   | 16 |  8 | 5 |  3 | 30 | 16 |  14 |  29
 Antalyaspor  | 18 |  8 | 5 |  5 | 21 | 20 |   1 |  29
 OSM          | 17 |  7 | 6 |  4 | 24 | 18 |   6 |  27
 Karabükspor  | 18 |  8 | 1 |  9 | 22 | 25 |  -3 |  25
 Konyaspor    | 17 |  6 | 6 |  5 | 21 | 20 |   1 |  24
 Trabzonspor  | 16 |  6 | 2 |  8 | 15 | 20 |  -5 |  20
 Kayserispor  | 17 |  5 | 4 |  8 | 18 | 25 |  -7 |  19
 Akhisar      | 18 |  5 | 4 |  9 | 12 | 27 | -15 |  19
 Alanyaspor K | 16 |  5 | 2 |  9 | 25 | 36 | -11 |  17
 Caykur Rizes | 18 |  4 | 5 |  9 | 18 | 29 | -11 |  17
 Gaziantepspo | 17 |  3 | 2 | 12 | 13 | 30 | -17 |  11
 Adanaspor    | 16 |  2 | 4 | 10 | 14 | 27 | -13 |  10
(15 rows)

