BEGIN
CREATE TABLE
INSERT 0 18
 rk |      team      |  str  |  ofs  |  dfs  |  sos  
----+----------------+-------+-------+-------+-------
  1 | Bayern Munich  |  0.69 |  0.62 | -0.06 | -0.02
  2 | RB Leipzig     |  0.41 |  0.18 | -0.23 | -0.01
  3 | Dortmund       |  0.40 |  0.37 | -0.04 | -0.01
  4 | Wolfsburg      |  0.37 |  0.19 | -0.19 |  0.00
  5 | Eint Frankfurt |  0.25 |  0.30 |  0.04 |  0.00
  6 | Leverkusen     |  0.22 |  0.07 | -0.15 |  0.00
  7 | M'Gladbach     |  0.15 |  0.21 |  0.06 |  0.02
  8 | Stuttgart      |  0.11 |  0.15 |  0.04 |  0.02
  9 | Union Berlin   |  0.09 |  0.01 | -0.09 |  0.01
 10 | Freiburg       |  0.06 |  0.07 |  0.01 |  0.01
 11 | Hoffenheim     |  0.01 |  0.05 |  0.04 |  0.02
 12 | Hertha BSC     | -0.14 | -0.13 |  0.01 |  0.03
 13 | Augsburg       | -0.27 | -0.26 |  0.01 |  0.03
 14 | Mainz 05       | -0.27 | -0.22 |  0.06 |  0.03
 15 | Werder Bremen  | -0.29 | -0.25 |  0.04 |  0.04
 16 | Köln           | -0.36 | -0.26 |  0.11 |  0.06
 17 | Arminia        | -0.51 | -0.49 |  0.03 |  0.04
 18 | Schalke 04     | -0.80 | -0.44 |  0.36 |  0.08
(18 rows)

 rk |      team      |  str  |  ofs  |  dfs  |  sos  
----+----------------+-------+-------+-------+-------
  1 | Bayern Munich  |  0.69 |  0.62 | -0.06 | -0.02
  2 | RB Leipzig     |  0.41 |  0.18 | -0.23 | -0.01
  3 | Dortmund       |  0.40 |  0.37 | -0.04 | -0.01
  4 | Wolfsburg      |  0.37 |  0.19 | -0.19 |  0.00
  5 | Eint Frankfurt |  0.25 |  0.30 |  0.04 |  0.00
  6 | Leverkusen     |  0.22 |  0.07 | -0.15 |  0.00
  7 | M'Gladbach     |  0.15 |  0.21 |  0.06 |  0.02
  8 | Stuttgart      |  0.11 |  0.15 |  0.04 |  0.02
  9 | Union Berlin   |  0.09 |  0.01 | -0.09 |  0.01
 10 | Freiburg       |  0.06 |  0.07 |  0.01 |  0.01
 11 | Hoffenheim     |  0.01 |  0.05 |  0.04 |  0.02
 12 | Hertha BSC     | -0.14 | -0.13 |  0.01 |  0.03
 13 | Augsburg       | -0.27 | -0.26 |  0.01 |  0.03
 14 | Mainz 05       | -0.27 | -0.22 |  0.06 |  0.03
 15 | Werder Bremen  | -0.29 | -0.25 |  0.04 |  0.04
 16 | Köln           | -0.36 | -0.26 |  0.11 |  0.06
 17 | Arminia        | -0.51 | -0.49 |  0.03 |  0.04
 18 | Schalke 04     | -0.80 | -0.44 |  0.36 |  0.08
(18 rows)

COPY 18
COMMIT
