BEGIN
CREATE TABLE
INSERT 0 23
 rk |     team      |  str  |  ofs  |  dfs  | sos  
----+---------------+-------+-------+-------+------
  1 | Inter         |  0.90 |  0.37 | -0.53 | 0.04
  2 | Atalanta      |  0.81 |  0.50 | -0.30 | 0.04
  3 | Juventus      |  0.72 |  0.34 | -0.38 | 0.03
  4 | Napoli        |  0.60 |  0.36 | -0.24 | 0.05
  5 | Lazio         |  0.40 |  0.24 | -0.16 | 0.06
  6 | Milan         |  0.35 |  0.22 | -0.13 | 0.07
  7 | Roma          |  0.14 |  0.17 |  0.03 | 0.07
  8 | Sassuolo      |  0.10 |  0.16 |  0.06 | 0.06
  9 | Udinese       |  0.01 | -0.16 | -0.18 | 0.06
 10 | Genoa         | -0.03 | -0.09 | -0.06 | 0.08
 11 | Hellas Verona | -0.05 | -0.14 | -0.09 | 0.09
 12 | Sampdoria     | -0.05 | -0.06 | -0.01 | 0.08
 13 | Fiorentina    | -0.05 | -0.07 | -0.01 | 0.08
 14 | Torino        | -0.05 | -0.01 |  0.05 | 0.09
 15 | Bologna       | -0.11 | -0.10 |  0.01 | 0.08
 16 | Spezia        | -0.25 | -0.11 |  0.15 | 0.09
 17 | Lecce         | -0.36 |  0.00 |  0.36 | 0.08
 18 | Cagliari      | -0.36 | -0.30 |  0.06 | 0.10
 19 | Crotone       | -0.48 | -0.01 |  0.46 | 0.09
 20 | Parma         | -0.48 | -0.15 |  0.33 | 0.11
 21 | Benevento     | -0.55 | -0.25 |  0.30 | 0.09
 22 | Brescia       | -0.56 | -0.21 |  0.35 | 0.09
 23 | Spal          | -0.73 | -0.34 |  0.39 | 0.12
(23 rows)

 rk |     team      |  str  |  ofs  |  dfs  | sos  
----+---------------+-------+-------+-------+------
  1 | Inter         |  0.90 |  0.37 | -0.53 | 0.04
  2 | Atalanta      |  0.81 |  0.50 | -0.30 | 0.04
  3 | Juventus      |  0.72 |  0.34 | -0.38 | 0.03
  4 | Napoli        |  0.60 |  0.36 | -0.24 | 0.05
  5 | Lazio         |  0.40 |  0.24 | -0.16 | 0.06
  6 | Milan         |  0.35 |  0.22 | -0.13 | 0.07
  7 | Roma          |  0.14 |  0.17 |  0.03 | 0.07
  8 | Sassuolo      |  0.10 |  0.16 |  0.06 | 0.06
  9 | Udinese       |  0.01 | -0.16 | -0.18 | 0.06
 10 | Genoa         | -0.03 | -0.09 | -0.06 | 0.08
 11 | Hellas Verona | -0.05 | -0.14 | -0.09 | 0.09
 12 | Sampdoria     | -0.05 | -0.06 | -0.01 | 0.08
 13 | Fiorentina    | -0.05 | -0.07 | -0.01 | 0.08
 14 | Torino        | -0.05 | -0.01 |  0.05 | 0.09
 15 | Bologna       | -0.11 | -0.10 |  0.01 | 0.08
 16 | Spezia        | -0.25 | -0.11 |  0.15 | 0.09
 17 | Lecce         | -0.36 |  0.00 |  0.36 | 0.08
 18 | Cagliari      | -0.36 | -0.30 |  0.06 | 0.10
 19 | Crotone       | -0.48 | -0.01 |  0.46 | 0.09
 20 | Parma         | -0.48 | -0.15 |  0.33 | 0.11
 21 | Benevento     | -0.55 | -0.25 |  0.30 | 0.09
 22 | Brescia       | -0.56 | -0.21 |  0.35 | 0.09
 23 | Spal          | -0.73 | -0.34 |  0.39 | 0.12
(23 rows)

COPY 23
COMMIT
