BEGIN
CREATE TABLE
INSERT 0 20
 rk |      team      |  str  |  ofs  |  dfs  |  sos  
----+----------------+-------+-------+-------+-------
  1 | Man City       | 1.791 | 1.601 | 0.894 | 0.987
  2 | Chelsea        | 1.729 | 1.423 | 0.823 | 0.988
  3 | Arsenal        | 1.603 | 1.390 | 0.867 | 0.989
  4 | Man United     | 1.413 | 1.236 | 0.875 | 0.992
  5 | Southampton    | 1.329 | 1.100 | 0.828 | 0.994
  6 | Tottenham      | 1.111 | 1.176 | 1.059 | 0.998
  7 | Liverpool      | 1.078 | 1.074 | 0.996 | 0.998
  8 | Stoke          | 1.048 | 1.006 | 0.960 | 0.999
  9 | Everton        | 0.990 | 1.008 | 1.019 | 1.000
 10 | Swansea        | 0.971 | 0.976 | 1.005 | 1.001
 11 | Crystal Palace | 0.963 | 0.993 | 1.030 | 1.001
 12 | West Ham       | 0.961 | 0.943 | 0.981 | 1.001
 13 | Leicester      | 0.907 | 0.978 | 1.077 | 1.002
 14 | West Brom      | 0.826 | 0.848 | 1.026 | 1.004
 15 | Newcastle      | 0.754 | 0.884 | 1.173 | 1.007
 16 | Hull           | 0.753 | 0.771 | 1.024 | 1.007
 17 | Sunderland     | 0.708 | 0.741 | 1.046 | 1.008
 18 | QPR            | 0.707 | 0.920 | 1.302 | 1.008
 19 | Aston Villa    | 0.678 | 0.742 | 1.094 | 1.009
 20 | Burnley        | 0.666 | 0.696 | 1.045 | 1.009
(20 rows)

COPY 20
COMMIT
