BEGIN
CREATE TABLE
INSERT 0 20
 rk |    team     |  str  |  ofs  |  dfs  |  sos  
----+-------------+-------+-------+-------+-------
  1 | Man United  | 1.755 | 1.474 | 0.840 | 0.987
  2 | Arsenal     | 1.641 | 1.406 | 0.857 | 0.989
  3 | Chelsea     | 1.541 | 1.220 | 0.791 | 0.990
  4 | Man City    | 1.396 | 1.105 | 0.792 | 0.992
  5 | Tottenham   | 1.150 | 1.037 | 0.902 | 0.997
  6 | Newcastle   | 1.081 | 1.106 | 1.023 | 0.998
  7 | Bolton      | 1.012 | 1.019 | 1.007 | 1.000
  8 | Liverpool   | 0.991 | 0.949 | 0.957 | 1.000
  9 | Everton     | 0.986 | 0.970 | 0.985 | 1.000
 10 | Fulham      | 0.974 | 0.832 | 0.854 | 1.001
 11 | Sunderland  | 0.968 | 0.910 | 0.940 | 1.001
 12 | Stoke       | 0.935 | 0.892 | 0.954 | 1.001
 13 | Aston Villa | 0.839 | 0.962 | 1.147 | 1.004
 14 | Blackpool   | 0.832 | 1.088 | 1.309 | 1.004
 15 | Blackburn   | 0.832 | 0.948 | 1.140 | 1.004
 16 | Birmingham  | 0.813 | 0.798 | 0.982 | 1.005
 17 | Wolves      | 0.791 | 0.879 | 1.111 | 1.005
 18 | West Brom   | 0.769 | 0.966 | 1.256 | 1.006
 19 | West Ham    | 0.764 | 0.909 | 1.189 | 1.006
 20 | Wigan       | 0.678 | 0.800 | 1.180 | 1.009
(20 rows)

COPY 20
COMMIT
