BEGIN
CREATE TABLE
INSERT 0 20
 rk |    team     |  str  |  ofs  |  dfs  |  sos  
----+-------------+-------+-------+-------+-------
  1 | Man City    | 2.211 | 1.632 | 0.738 | 0.982
  2 | Man United  | 1.840 | 1.546 | 0.840 | 0.986
  3 | Tottenham   | 1.465 | 1.302 | 0.889 | 0.991
  4 | Arsenal     | 1.333 | 1.337 | 1.003 | 0.993
  5 | Chelsea     | 1.326 | 1.218 | 0.918 | 0.994
  6 | Liverpool   | 1.135 | 0.884 | 0.778 | 0.997
  7 | Sunderland  | 1.065 | 0.953 | 0.895 | 0.999
  8 | Newcastle   | 1.006 | 1.025 | 1.019 | 1.000
  9 | West Brom   | 0.958 | 0.941 | 0.982 | 1.001
 10 | Everton     | 0.949 | 0.812 | 0.856 | 1.001
 11 | Fulham      | 0.934 | 0.916 | 0.981 | 1.002
 12 | Norwich     | 0.933 | 1.038 | 1.113 | 1.002
 13 | Aston Villa | 0.891 | 0.859 | 0.964 | 1.003
 14 | Swansea     | 0.888 | 0.846 | 0.953 | 1.003
 15 | Stoke       | 0.798 | 0.813 | 1.019 | 1.005
 16 | Blackburn   | 0.739 | 1.034 | 1.399 | 1.007
 17 | Wolves      | 0.718 | 0.896 | 1.247 | 1.008
 18 | QPR         | 0.697 | 0.811 | 1.164 | 1.008
 19 | Bolton      | 0.679 | 0.879 | 1.294 | 1.009
 20 | Wigan       | 0.621 | 0.762 | 1.228 | 1.011
(20 rows)

COPY 20
COMMIT
