BEGIN
CREATE TABLE
INSERT 0 23
 rk |      team      |  str  |  ofs  |  dfs  | sos  
----+----------------+-------+-------+-------+------
  1 | Man City       |  1.38 |  0.69 | -0.69 | 0.02
  2 | Man Utd        |  0.57 |  0.40 | -0.17 | 0.06
  3 | Chelsea        |  0.45 |  0.33 | -0.12 | 0.07
  4 | Leicester      |  0.44 |  0.27 | -0.17 | 0.08
  5 | Arsenal        |  0.44 |  0.20 | -0.24 | 0.08
  6 | Liverpool      |  0.41 |  0.36 | -0.05 | 0.09
  7 | Spurs          |  0.28 |  0.16 | -0.12 | 0.10
  8 | West Ham       |  0.27 |  0.24 | -0.02 | 0.08
  9 | Aston Villa    |  0.05 |  0.06 |  0.01 | 0.06
 10 | Wolves         | -0.02 | -0.11 | -0.09 | 0.09
 11 | Everton        | -0.02 |  0.09 |  0.12 | 0.11
 12 | Leeds          | -0.02 |  0.21 |  0.23 | 0.08
 13 | Burnley        | -0.03 | -0.16 | -0.13 | 0.11
 14 | Brighton       | -0.03 | -0.15 | -0.12 | 0.10
 15 | Watford        | -0.20 |  0.00 |  0.19 | 0.12
 16 | Fulham         | -0.23 | -0.28 | -0.05 | 0.11
 17 | Southampton    | -0.32 | -0.04 |  0.28 | 0.13
 18 | Bournemouth    | -0.38 | -0.05 |  0.33 | 0.13
 19 | Crystal Palace | -0.41 | -0.19 |  0.22 | 0.12
 20 | Sheffield Utd  | -0.44 | -0.34 |  0.09 | 0.11
 21 | Newcastle      | -0.45 | -0.20 |  0.25 | 0.11
 22 | West Brom      | -0.68 | -0.20 |  0.47 | 0.17
 23 | Norwich        | -0.90 | -0.60 |  0.30 | 0.10
(23 rows)

 rk |      team      |  str  |  ofs  |  dfs  | sos  
----+----------------+-------+-------+-------+------
  1 | Man City       |  1.38 |  0.69 | -0.69 | 0.02
  2 | Man Utd        |  0.57 |  0.40 | -0.17 | 0.06
  3 | Chelsea        |  0.45 |  0.33 | -0.12 | 0.07
  4 | Leicester      |  0.44 |  0.27 | -0.17 | 0.08
  5 | Arsenal        |  0.44 |  0.20 | -0.24 | 0.08
  6 | Liverpool      |  0.41 |  0.36 | -0.05 | 0.09
  7 | Spurs          |  0.28 |  0.16 | -0.12 | 0.10
  8 | West Ham       |  0.27 |  0.24 | -0.02 | 0.08
  9 | Aston Villa    |  0.05 |  0.06 |  0.01 | 0.06
 10 | Wolves         | -0.02 | -0.11 | -0.09 | 0.09
 11 | Everton        | -0.02 |  0.09 |  0.12 | 0.11
 12 | Leeds          | -0.02 |  0.21 |  0.23 | 0.08
 13 | Burnley        | -0.03 | -0.16 | -0.13 | 0.11
 14 | Brighton       | -0.03 | -0.15 | -0.12 | 0.10
 15 | Watford        | -0.20 |  0.00 |  0.19 | 0.12
 16 | Fulham         | -0.23 | -0.28 | -0.05 | 0.11
 17 | Southampton    | -0.32 | -0.04 |  0.28 | 0.13
 18 | Bournemouth    | -0.38 | -0.05 |  0.33 | 0.13
 19 | Crystal Palace | -0.41 | -0.19 |  0.22 | 0.12
 20 | Sheffield Utd  | -0.44 | -0.34 |  0.09 | 0.11
 21 | Newcastle      | -0.45 | -0.20 |  0.25 | 0.11
 22 | West Brom      | -0.68 | -0.20 |  0.47 | 0.17
 23 | Norwich        | -0.90 | -0.60 |  0.30 | 0.10
(23 rows)

COPY 23
COMMIT
