BEGIN
 year | div | div | won  | lost | tied | count 
------+-----+-----+------+------+------+-------
 2012 |   1 |   1 | 3392 | 3392 |  968 |  7752
 2012 |   1 |   2 |   12 |    4 |    0 |    16
 2012 |   1 |   3 |    3 |    0 |    0 |     3
 2012 |   2 |   2 | 2658 | 2658 |  536 |  5852
 2012 |   2 |   3 |   26 |   10 |    6 |    42
 2012 |   3 |   3 | 6440 | 6440 | 1172 | 14052
 2013 |   1 |   1 | 3378 | 3378 |  944 |  7700
 2013 |   1 |   2 |    9 |    0 |    0 |     9
 2013 |   1 |   3 |    2 |    0 |    0 |     2
 2013 |   2 |   2 | 2540 | 2540 |  648 |  5728
 2013 |   2 |   3 |   40 |   20 |    2 |    62
 2013 |   3 |   3 | 6480 | 6480 | 1292 | 14252
 2014 |   1 |   1 | 3302 | 3302 | 1068 |  7672
 2014 |   1 |   2 |   20 |   12 |    2 |    34
 2014 |   2 |   2 | 2517 | 2517 |  564 |  5598
 2014 |   2 |   3 |   22 |   20 |    2 |    44
 2014 |   3 |   3 | 6534 | 6534 | 1340 | 14408
(17 rows)

COMMIT
