BEGIN
CREATE TABLE
INSERT 0 782
 rk  |        school        | div |  str  |  ofs  |  dfs   |  sos  
-----+----------------------+-----+-------+-------+--------+-------
   1 | Amherst              |   3 | 8.533 | 2.308 |  0.271 | 1.013
   2 | Messiah              |   3 | 7.574 | 2.365 |  0.312 | 1.152
   3 | Indiana              |   1 | 6.657 | 2.088 |  0.314 | 1.470
   4 | Akron                |   1 | 6.606 | 2.357 |  0.357 | 1.336
   5 | Maryland             |   1 | 6.596 | 3.030 |  0.459 | 1.347
   6 | Notre Dame           |   1 | 6.053 | 2.415 |  0.399 | 1.550
   7 | Connecticut          |   1 | 5.778 | 2.222 |  0.385 | 1.383
   8 | Rollins              |   2 | 5.623 | 2.456 |  0.437 | 1.262
   9 | Regis (CO)           |   2 | 5.295 | 2.632 |  0.497 | 1.118
  10 | Dominican (IL)       |   3 | 5.253 | 1.979 |  0.377 | 0.875
  11 | Southern N.H.        |   2 | 4.974 | 1.861 |  0.374 | 1.127
  12 | North Carolina       |   1 | 4.937 | 1.441 |  0.292 | 1.253
  13 | Loras                |   3 | 4.852 | 1.752 |  0.361 | 1.040
  14 | Lynn                 |   2 | 4.846 | 1.650 |  0.340 | 1.042
  15 | Montevallo           |   2 | 4.740 | 2.137 |  0.451 | 1.222
  16 | Oregon St.           |   1 | 4.529 | 2.017 |  0.446 | 1.366
  17 | Trinity (TX)         |   3 | 4.356 | 1.880 |  0.432 | 0.994
  18 | Marshall             |   1 | 4.320 | 1.238 |  0.287 | 0.983
  19 | UCLA                 |   1 | 4.242 | 1.848 |  0.436 | 1.537
  20 | Cal St. Northridge   |   1 | 4.098 | 1.799 |  0.439 | 1.226
  21 | Tulsa                |   1 | 4.000 | 2.542 |  0.635 | 1.411
  22 | Drury                |   2 | 3.951 | 2.045 |  0.518 | 1.020
  23 | High Point           |   1 | 3.945 | 1.561 |  0.396 | 0.920
  24 | St. Johns (NY)       |   1 | 3.911 | 1.632 |  0.417 | 1.255
  25 | Wake Forest          |   1 | 3.876 | 1.686 |  0.435 | 1.261
  26 | Incarnate Word       |   2 | 3.870 | 2.247 |  0.580 | 1.413
  27 | Wesleyan (CT)        |   3 | 3.868 | 1.296 |  0.335 | 1.150
  28 | Ashland              |   2 | 3.856 | 1.654 |  0.429 | 1.311
  29 | UNC Pembroke         |   2 | 3.845 | 1.770 |  0.460 | 1.033
  30 | St. Lawrence         |   3 | 3.794 | 1.575 |  0.415 | 0.891
  31 | Marquette            |   1 | 3.748 | 1.828 |  0.488 | 1.097
  32 | C.W. Post            |   2 | 3.721 | 2.333 |  0.627 | 1.070
  33 | Wis.-Platteville     |   3 | 3.712 | 1.429 |  0.385 | 0.877
  34 | Williams             |   3 | 3.689 | 1.631 |  0.442 | 1.262
  35 | West Tex. A&M        |   2 | 3.676 | 2.430 |  0.661 | 1.260
  36 | UC Santa Barbara     |   1 | 3.585 | 1.917 |  0.535 | 1.215
  37 | Ohio Northern        |   3 | 3.530 | 1.974 |  0.559 | 0.897
  38 | VCU                  |   1 | 3.513 | 1.761 |  0.501 | 1.185
  39 | Cornell              |   1 | 3.441 | 2.097 |  0.609 | 1.036
  40 | New Mexico           |   1 | 3.431 | 1.872 |  0.546 | 1.296
  41 | Saginaw Valley       |   2 | 3.389 | 1.815 |  0.536 | 1.138
  42 | Davis & Elkins       |   2 | 3.349 | 2.240 |  0.669 | 1.137
  43 | UC San Diego         |   2 | 3.296 | 0.957 |  0.290 | 1.085
  44 | Midwestern St.       |   2 | 3.279 | 1.785 |  0.544 | 1.133
  45 | Tufts                |   3 | 3.261 | 1.493 |  0.458 | 1.266
  46 | York (PA)            |   3 | 3.238 | 1.841 |  0.569 | 1.097
  47 | St. Louis            |   1 | 3.159 | 1.786 |  0.565 | 1.325
  48 | Louisville           |   1 | 3.154 | 1.751 |  0.555 | 1.387
  49 | Brandeis             |   3 | 3.145 | 1.825 |  0.580 | 1.032
  50 | Charleston (WV)      |   2 | 3.144 | 1.542 |  0.490 | 0.942
  51 | Stevens Institute    |   3 | 3.139 | 1.755 |  0.559 | 1.024
  52 | Rochester (NY)       |   3 | 3.136 | 1.576 |  0.502 | 1.107
  53 | Old Dominion         |   1 | 3.056 | 1.891 |  0.619 | 1.163
  54 | Bowdoin              |   3 | 3.055 | 1.625 |  0.532 | 1.050
  55 | Gannon               |   2 | 3.051 | 2.069 |  0.678 | 1.154
  56 | Georgetown           |   1 | 2.991 | 1.532 |  0.512 | 1.379
  57 | Quincy               |   2 | 2.967 | 1.154 |  0.389 | 1.108
  58 | Rockhurst            |   2 | 2.960 | 1.754 |  0.593 | 0.972
  59 | Virginia             |   1 | 2.938 | 1.398 |  0.476 | 1.513
  60 | Xavier               |   1 | 2.924 | 1.860 |  0.636 | 1.106
  61 | Syracuse             |   1 | 2.918 | 1.497 |  0.513 | 1.058
  62 | Oakland              |   1 | 2.903 | 2.307 |  0.795 | 1.144
  63 | Carleton             |   3 | 2.893 | 1.808 |  0.625 | 0.969
  64 | Susquehanna          |   3 | 2.890 | 1.234 |  0.427 | 1.052
  65 | West Va. Wesleyan    |   2 | 2.877 | 2.342 |  0.814 | 1.074
  66 | Swarthmore           |   3 | 2.842 | 1.538 |  0.541 | 1.161
  67 | SMU                  |   1 | 2.840 | 1.343 |  0.473 | 1.374
  68 | Brown                |   1 | 2.835 | 1.261 |  0.445 | 1.110
  69 | New York U.          |   3 | 2.803 | 1.357 |  0.484 | 0.868
  70 | Babson               |   3 | 2.794 | 1.764 |  0.631 | 1.043
  71 | Bellarmine           |   2 | 2.791 | 1.164 |  0.417 | 1.089
  72 | Montclair St.        |   3 | 2.783 | 2.175 |  0.782 | 0.903
  73 | SIU Edwardsville     |   1 | 2.782 | 1.278 |  0.459 | 1.279
  74 | Washington           |   1 | 2.745 | 1.441 |  0.525 | 1.430
  75 | Rutgers-Camden       |   3 | 2.744 | 1.670 |  0.609 | 0.991
  76 | West Virginia        |   1 | 2.738 | 1.462 |  0.534 | 1.225
  77 | Villanova            |   1 | 2.734 | 1.535 |  0.561 | 1.147
  78 | Tiffin               |   2 | 2.696 | 2.278 |  0.845 | 1.300
  79 | MIT                  |   3 | 2.692 | 2.126 |  0.790 | 0.991
  80 | Coastal Caro.        |   1 | 2.662 | 1.414 |  0.531 | 0.975
  81 | Cal St. Bakersfield  |   1 | 2.651 | 1.592 |  0.601 | 1.241
  82 | Furman               |   1 | 2.645 | 1.488 |  0.563 | 1.065
  83 | Flagler              |   2 | 2.626 | 2.333 |  0.889 | 1.268
  84 | Elon                 |   1 | 2.611 | 2.111 |  0.808 | 1.294
  85 | Carnegie Mellon      |   3 | 2.596 | 2.002 |  0.771 | 1.167
  86 | Salisbury            |   3 | 2.593 | 1.418 |  0.547 | 0.950
  87 | Colorado Mines       |   2 | 2.574 | 1.708 |  0.663 | 1.203
  88 | Wheaton (IL)         |   3 | 2.540 | 1.777 |  0.700 | 1.250
  89 | Mercyhurst           |   2 | 2.518 | 1.156 |  0.459 | 1.290
  90 | Bucknell             |   1 | 2.503 | 1.359 |  0.543 | 1.049
  91 | Creighton            |   1 | 2.495 | 1.242 |  0.498 | 1.319
  92 | Franklin Pierce      |   2 | 2.464 | 1.627 |  0.660 | 1.056
  93 | Northeastern St.     |   2 | 2.463 | 1.667 |  0.677 | 1.154
  94 | Mesa St.             |   2 | 2.463 | 1.412 |  0.573 | 0.972
  95 | Wofford              |   1 | 2.455 | 1.177 |  0.479 | 1.132
  96 | Scranton             |   3 | 2.432 | 1.425 |  0.586 | 0.912
  97 | Colorado Col.        |   3 | 2.411 | 1.356 |  0.562 | 0.924
  98 | Eastern              |   3 | 2.408 | 1.926 |  0.800 | 0.972
  99 | Southern Ind.        |   2 | 2.380 | 1.606 |  0.675 | 1.071
 100 | Northwood (MI)       |   2 | 2.368 | 1.276 |  0.539 | 1.259
 101 | Seattle Pacific      |   2 | 2.362 | 1.699 |  0.719 | 1.065
 102 | North Carolina St.   |   1 | 2.356 | 1.729 |  0.734 | 1.189
 103 | Duke                 |   1 | 2.331 | 1.193 |  0.512 | 1.389
 104 | Drexel               |   1 | 2.329 | 1.706 |  0.732 | 1.198
 105 | Dominican (CA)       |   2 | 2.299 | 1.787 |  0.777 | 1.022
 106 | Charlotte            |   1 | 2.292 | 1.442 |  0.629 | 1.278
 107 | Dubuque              |   3 | 2.290 | 1.896 |  0.828 | 1.013
 108 | San Diego St.        |   1 | 2.275 | 1.524 |  0.670 | 1.341
 109 | Chicago              |   3 | 2.275 | 1.566 |  0.688 | 1.090
 110 | UAB                  |   1 | 2.265 | 1.342 |  0.592 | 1.241
 111 | Augsburg             |   3 | 2.216 | 1.412 |  0.637 | 1.127
 112 | Merrimack            |   2 | 2.215 | 1.055 |  0.476 | 1.139
 113 | Campbell             |   1 | 2.212 | 1.226 |  0.554 | 1.104
 114 | Palm Beach Atl.      |   2 | 2.211 | 1.654 |  0.748 | 0.832
 115 | Dickinson            |   3 | 2.185 | 1.575 |  0.721 | 1.049
 116 | Penn St.             |   1 | 2.184 | 1.032 |  0.473 | 1.121
 117 | Northeastern         |   1 | 2.181 | 1.394 |  0.639 | 1.155
 118 | Calvin               |   3 | 2.154 | 2.100 |  0.975 | 1.050
 119 | Olivet               |   3 | 2.149 | 1.598 |  0.744 | 0.894
 120 | Eastern N.M.         |   2 | 2.146 | 1.704 |  0.794 | 0.925
 121 | Mass.-Lowell         |   2 | 2.139 | 1.883 |  0.880 | 1.060
 122 | Lander               |   2 | 2.129 | 1.780 |  0.836 | 1.060
 123 | Tampa                |   2 | 2.099 | 1.387 |  0.661 | 1.341
 124 | Lincoln Memorial     |   2 | 2.091 | 1.728 |  0.826 | 1.019
 125 | Cal St. San Bdino    |   2 | 2.085 | 0.856 |  0.411 | 1.202
 126 | UC Riverside         |   1 | 2.084 | 1.414 |  0.678 | 1.109
 127 | Johns Hopkins        |   3 | 2.083 | 0.922 |  0.443 | 1.127
 128 | North Park           |   3 | 2.077 | 1.400 |  0.674 | 1.198
 129 | Whitworth            |   3 | 2.076 | 0.700 |  0.337 | 0.880
 130 | California           |   1 | 2.067 | 1.597 |  0.773 | 1.332
 131 | Niagara              |   1 | 2.067 | 1.309 |  0.633 | 0.999
 132 | Mary Hardin-Baylor   |   3 | 2.063 | 1.106 |  0.536 | 0.813
 133 | Post                 |   2 | 2.053 | 1.833 |  0.893 | 1.070
 134 | Cleveland St.        |   1 | 2.050 | 1.293 |  0.631 | 1.124
 135 | Radford              |   1 | 2.045 | 1.506 |  0.737 | 1.020
 136 | Mercer               |   1 | 2.037 | 1.238 |  0.608 | 0.990
 137 | Rutgers              |   1 | 2.035 | 1.331 |  0.654 | 1.388
 138 | La Salle             |   1 | 2.021 | 1.183 |  0.585 | 1.070
 139 | Allegheny            |   3 | 1.991 | 1.304 |  0.655 | 0.947
 140 | Cal Poly             |   1 | 1.988 | 1.356 |  0.682 | 1.208
 141 | American             |   1 | 1.984 | 1.394 |  0.703 | 1.122
 142 | Frank. & Marsh.      |   3 | 1.975 | 1.521 |  0.770 | 1.091
 143 | George Mason         |   1 | 1.967 | 1.541 |  0.784 | 1.070
 144 | Mo.-St. Louis        |   2 | 1.955 | 1.132 |  0.579 | 1.154
 145 | St. Michaels         |   2 | 1.948 | 1.401 |  0.719 | 0.827
 146 | Wis.-Whitewater      |   3 | 1.945 | 1.160 |  0.596 | 1.109
 147 | Cal St. L.A.         |   2 | 1.943 | 1.399 |  0.720 | 1.138
 148 | South Fla.           |   1 | 1.943 | 1.275 |  0.656 | 1.290
 149 | James Madison        |   1 | 1.942 | 1.135 |  0.584 | 1.228
 150 | Western Mich.        |   1 | 1.941 | 1.323 |  0.681 | 0.973
 151 | Slippery Rock        |   2 | 1.938 | 1.327 |  0.685 | 1.078
 152 | Boston U.            |   1 | 1.932 | 1.288 |  0.667 | 1.339
 153 | Navy                 |   1 | 1.930 | 1.612 |  0.835 | 1.129
 154 | St. Marys (CA)       |   1 | 1.930 | 1.187 |  0.615 | 1.205
 155 | Florida Tech         |   2 | 1.912 | 1.295 |  0.677 | 1.285
 156 | Middlebury           |   3 | 1.902 | 0.912 |  0.480 | 1.311
 157 | Boston College       |   1 | 1.898 | 1.243 |  0.655 | 1.345
 158 | Cal St. Dom. Hills   |   2 | 1.890 | 1.734 |  0.918 | 1.145
 159 | St. Leo              |   2 | 1.887 | 0.814 |  0.432 | 1.316
 160 | West Fla.            |   2 | 1.883 | 1.401 |  0.744 | 1.120
 161 | Berry                |   3 | 1.877 | 1.063 |  0.566 | 0.994
 162 | Kentucky             |   1 | 1.871 | 1.624 |  0.868 | 1.300
 163 | St. Scholastica      |   3 | 1.869 | 1.431 |  0.765 | 0.603
 164 | Muhlenberg           |   3 | 1.869 | 1.463 |  0.783 | 1.038
 165 | Fort Hays St.        |   2 | 1.861 | 1.449 |  0.779 | 1.103
 166 | Stony Brook          |   1 | 1.844 | 1.481 |  0.803 | 1.033
 167 | Milwaukee Engr.      |   3 | 1.843 | 1.495 |  0.811 | 0.778
 168 | Missouri St.         |   1 | 1.842 | 0.750 |  0.407 | 1.057
 169 | Stanford             |   1 | 1.831 | 1.275 |  0.696 | 1.326
 170 | Michigan             |   1 | 1.822 | 1.551 |  0.851 | 1.424
 171 | Wingate              |   2 | 1.818 | 1.341 |  0.738 | 1.077
 172 | Luther               |   3 | 1.816 | 1.396 |  0.769 | 0.949
 173 | Northwestern         |   1 | 1.815 | 1.164 |  0.641 | 1.113
 174 | Denver               |   1 | 1.814 | 1.467 |  0.809 | 1.150
 175 | St. Olaf             |   3 | 1.811 | 1.469 |  0.812 | 0.962
 176 | Ill. Wesleyan        |   3 | 1.807 | 1.690 |  0.935 | 0.933
 177 | Dartmouth            |   1 | 1.792 | 1.435 |  0.801 | 1.256
 178 | San Francisco        |   1 | 1.788 | 1.135 |  0.635 | 1.230
 179 | Oneonta St.          |   3 | 1.782 | 1.493 |  0.838 | 1.072
 180 | UC Davis             |   1 | 1.780 | 1.038 |  0.583 | 1.327
 181 | Dayton               |   1 | 1.757 | 1.620 |  0.922 | 1.110
 182 | Col. of Charleston   |   1 | 1.754 | 1.195 |  0.681 | 1.293
 183 | Bradley              |   1 | 1.735 | 1.313 |  0.757 | 1.073
 184 | Metro St.            |   2 | 1.722 | 1.468 |  0.853 | 1.085
 185 | Emory                |   3 | 1.715 | 1.714 |  1.000 | 0.997
 186 | Hofstra              |   1 | 1.712 | 1.575 |  0.920 | 1.064
 187 | Washington-St. Louis |   3 | 1.711 | 0.795 |  0.464 | 1.084
 188 | Dominican (NY)       |   2 | 1.706 | 1.268 |  0.743 | 1.016
 189 | Hobart               |   3 | 1.705 | 1.355 |  0.795 | 1.140
 190 | Plattsburgh St.      |   3 | 1.702 | 1.539 |  0.904 | 0.752
 191 | Connecticut Col.     |   3 | 1.696 | 1.260 |  0.743 | 1.236
 192 | Grand Canyon         |   2 | 1.690 | 1.868 |  1.105 | 1.079
 193 | Haverford            |   3 | 1.689 | 1.233 |  0.730 | 1.117
 194 | Mont. St. Billings   |   2 | 1.682 | 1.178 |  0.700 | 0.991
 195 | Trinity (CT)         |   3 | 1.680 | 0.999 |  0.594 | 1.012
 196 | Santa Clara          |   1 | 1.677 | 1.315 |  0.784 | 1.255
 197 | Roger Williams       |   3 | 1.660 | 1.423 |  0.857 | 0.963
 198 | Vermont              |   1 | 1.655 | 1.126 |  0.680 | 1.199
 199 | Hawaii Pacific       |   2 | 1.650 | 1.785 |  1.082 | 0.995
 200 | Penn St.-Behrend     |   3 | 1.647 | 1.210 |  0.735 | 0.752
 201 | Cal St. Chico        |   2 | 1.642 | 1.063 |  0.647 | 1.086
 202 | Northwest Nazarene   |   2 | 1.638 | 0.830 |  0.507 | 1.099
 203 | Memphis              |   1 | 1.637 | 1.406 |  0.859 | 1.267
 204 | UMBC                 |   1 | 1.636 | 1.053 |  0.643 | 1.125
 205 | Loyola Maryland      |   1 | 1.634 | 1.170 |  0.716 | 1.193
 206 | Princeton            |   1 | 1.628 | 1.113 |  0.684 | 1.273
 207 | Wis.-Oshkosh         |   3 | 1.625 | 1.051 |  0.647 | 0.985
 208 | Chris. Newport       |   3 | 1.609 | 1.506 |  0.936 | 0.863
 209 | Bridgeport           |   2 | 1.607 | 1.096 |  0.682 | 1.218
 210 | UNC Wilmington       |   1 | 1.605 | 1.463 |  0.911 | 1.264
 211 | UNC Greensboro       |   1 | 1.605 | 1.455 |  0.906 | 1.147
 212 | Missouri S&T         |   2 | 1.599 | 1.077 |  0.674 | 1.068
 213 | Colby                |   3 | 1.597 | 1.311 |  0.821 | 1.057
 214 | Mars Hill            |   2 | 1.595 | 1.304 |  0.818 | 0.873
 215 | Clayton St.          |   2 | 1.594 | 1.542 |  0.967 | 1.170
 216 | Hartford             |   1 | 1.590 | 1.379 |  0.868 | 1.190
 217 | Wisconsin            |   1 | 1.581 | 1.334 |  0.843 | 1.341
 218 | Oglethorpe           |   3 | 1.580 | 1.283 |  0.812 | 0.883
 219 | Gust. Adolphus       |   3 | 1.567 | 1.040 |  0.664 | 0.931
 220 | Wheaton (MA)         |   3 | 1.566 | 1.247 |  0.796 | 0.935
 221 | FIU                  |   1 | 1.566 | 1.059 |  0.676 | 1.037
 222 | Ohio Wesleyan        |   3 | 1.556 | 1.266 |  0.814 | 0.930
 223 | Notre Dame de Namur  |   2 | 1.550 | 1.469 |  0.948 | 1.037
 224 | Drew                 |   3 | 1.546 | 0.985 |  0.637 | 0.813
 225 | Clemson              |   1 | 1.546 | 0.949 |  0.614 | 1.469
 226 | Medaille             |   3 | 1.534 | 1.286 |  0.838 | 0.723
 227 | Coast Guard          |   3 | 1.532 | 1.006 |  0.657 | 0.911
 228 | Rensselaer           |   3 | 1.519 | 0.866 |  0.570 | 1.013
 229 | Aurora               |   3 | 1.507 | 1.513 |  1.003 | 0.752
 230 | Fort Lewis           |   2 | 1.504 | 1.103 |  0.733 | 1.079
 231 | Rowan                |   3 | 1.504 | 1.345 |  0.894 | 1.041
 232 | Wis.-Parkside        |   2 | 1.501 | 1.444 |  0.962 | 1.191
 233 | San Jose St.         |   1 | 1.496 | 1.574 |  1.053 | 1.217
 234 | Carson-Newman        |   2 | 1.495 | 0.979 |  0.655 | 1.083
 235 | Vassar               |   3 | 1.493 | 1.447 |  0.969 | 0.900
 236 | Frostburg St.        |   3 | 1.493 | 1.373 |  0.920 | 0.819
 237 | Bloomfield           |   2 | 1.492 | 0.873 |  0.585 | 1.141
 238 | Carthage             |   3 | 1.485 | 1.516 |  1.021 | 0.693
 239 | North Ga.            |   2 | 1.473 | 1.152 |  0.782 | 0.936
 240 | Texas-Dallas         |   3 | 1.469 | 1.221 |  0.831 | 0.865
 241 | Cal St. Stanislaus   |   2 | 1.468 | 1.038 |  0.707 | 1.043
 242 | Methodist            |   3 | 1.458 | 1.533 |  1.051 | 0.859
 243 | Sacramento St.       |   1 | 1.446 | 1.113 |  0.769 | 1.289
 244 | Lake Forest          |   3 | 1.445 | 1.119 |  0.774 | 0.697
 245 | Michigan St.         |   1 | 1.445 | 1.077 |  0.745 | 1.288
 246 | Catholic             |   3 | 1.444 | 1.349 |  0.934 | 0.975
 247 | DeSales              |   3 | 1.441 | 1.544 |  1.071 | 0.933
 248 | Butler               |   1 | 1.440 | 1.201 |  0.834 | 1.252
 249 | Limestone            |   2 | 1.440 | 1.193 |  0.829 | 0.906
 250 | Rutgers-Newark       |   3 | 1.438 | 0.962 |  0.669 | 0.786
 251 | Lebanon Valley       |   3 | 1.428 | 1.224 |  0.858 | 0.908
 252 | Baldwin-Wallace      |   3 | 1.421 | 1.511 |  1.063 | 0.979
 253 | Wash. & Lee          |   3 | 1.421 | 1.034 |  0.728 | 0.794
 254 | Rochester Inst.      |   3 | 1.420 | 1.294 |  0.911 | 0.961
 255 | Ill.-Chicago         |   1 | 1.417 | 1.128 |  0.796 | 1.139
 256 | Hiram                |   3 | 1.415 | 1.434 |  1.014 | 0.767
 257 | St. Thomas (MN)      |   3 | 1.413 | 1.474 |  1.043 | 0.965
 258 | Central Conn. St.    |   1 | 1.412 | 1.307 |  0.926 | 1.083
 259 | Wm. Paterson         |   3 | 1.411 | 1.103 |  0.781 | 1.225
 260 | Kenyon               |   3 | 1.408 | 0.605 |  0.430 | 0.877
 261 | UNLV                 |   1 | 1.406 | 1.603 |  1.140 | 1.271
 262 | East Tenn. St.       |   1 | 1.406 | 1.107 |  0.787 | 1.072
 263 | California (PA)      |   2 | 1.402 | 1.332 |  0.950 | 0.945
 264 | Eastern Conn. St.    |   3 | 1.402 | 1.165 |  0.831 | 0.778
 265 | Queens (NY)          |   2 | 1.399 | 1.302 |  0.930 | 1.114
 266 | UC Irvine            |   1 | 1.399 | 1.290 |  0.922 | 1.296
 267 | Portland             |   1 | 1.396 | 1.724 |  1.235 | 1.226
 268 | Nova Southeastern    |   2 | 1.394 | 1.006 |  0.721 | 1.327
 269 | Philadelphia U.      |   2 | 1.391 | 1.051 |  0.756 | 1.043
 270 | St. Edwards          |   2 | 1.389 | 1.136 |  0.818 | 0.912
 271 | Hendrix              |   3 | 1.379 | 1.083 |  0.786 | 0.824
 272 | Mississippi Col.     |   3 | 1.378 | 1.675 |  1.216 | 0.791
 273 | WPI                  |   3 | 1.378 | 1.183 |  0.858 | 0.929
 274 | Sonoma St.           |   2 | 1.377 | 1.193 |  0.867 | 1.074
 275 | Millersville         |   2 | 1.374 | 1.343 |  0.977 | 1.232
 276 | DePauw               |   3 | 1.369 | 0.968 |  0.707 | 0.851
 277 | Transylvania         |   3 | 1.367 | 1.247 |  0.912 | 0.828
 278 | Centre               |   3 | 1.360 | 1.380 |  1.015 | 0.986
 279 | Tex. A&M Intl        |   2 | 1.355 | 1.095 |  0.808 | 1.037
 280 | Wheeling Jesuit      |   2 | 1.352 | 1.375 |  1.017 | 0.972
 281 | Hope                 |   3 | 1.352 | 1.325 |  0.980 | 1.039
 282 | Eckerd               |   2 | 1.350 | 1.102 |  0.817 | 1.404
 283 | Hartwick             |   1 | 1.348 | 1.308 |  0.971 | 1.078
 284 | N.C. Wesleyan        |   3 | 1.344 | 1.871 |  1.392 | 0.898
 285 | Mercy                |   2 | 1.340 | 1.211 |  0.903 | 1.046
 286 | Monmouth             |   1 | 1.333 | 0.834 |  0.626 | 0.972
 287 | Richard Stockton     |   3 | 1.330 | 1.201 |  0.903 | 1.142
 288 | Central Ark.         |   1 | 1.330 | 1.055 |  0.793 | 0.981
 289 | East Stroudsburg     |   2 | 1.327 | 1.128 |  0.850 | 1.192
 290 | Bowling Green        |   1 | 1.325 | 1.008 |  0.761 | 1.309
 291 | Colorado St.-Pueblo  |   2 | 1.321 | 1.328 |  1.005 | 1.238
 292 | Puget Sound          |   3 | 1.315 | 1.001 |  0.761 | 0.953
 293 | Elmhurst             |   3 | 1.312 | 0.928 |  0.707 | 1.069
 294 | Alvernia             |   3 | 1.310 | 0.999 |  0.762 | 1.004
 295 | McDaniel             |   3 | 1.306 | 1.313 |  1.006 | 1.128
 296 | Neb.-Omaha           |   1 | 1.298 | 1.457 |  1.122 | 1.127
 297 | Coker                |   2 | 1.297 | 1.069 |  0.824 | 0.873
 298 | Lock Haven           |   2 | 1.293 | 1.028 |  0.795 | 1.080
 299 | Christian Bros.      |   2 | 1.291 | 0.942 |  0.730 | 0.884
 300 | Quinnipiac           |   1 | 1.288 | 1.379 |  1.070 | 1.069
 301 | UCF                  |   1 | 1.288 | 1.304 |  1.012 | 1.089
 302 | Albertus Magnus      |   3 | 1.286 | 0.945 |  0.734 | 0.637
 303 | St. Francis (NY)     |   1 | 1.283 | 1.338 |  1.043 | 0.981
 304 | Fordham              |   1 | 1.279 | 0.652 |  0.509 | 1.093
 305 | Nyack                |   2 | 1.278 | 1.390 |  1.088 | 1.094
 306 | Evansville           |   1 | 1.270 | 1.308 |  1.030 | 1.090
 307 | Beloit               |   3 | 1.268 | 1.000 |  0.788 | 0.678
 308 | Lewis                |   2 | 1.260 | 0.942 |  0.748 | 1.161
 309 | Fla. Gulf Coast      |   1 | 1.258 | 1.180 |  0.938 | 1.271
 310 | Carroll (WI)         |   3 | 1.244 | 1.185 |  0.952 | 1.020
 311 | Simpson              |   3 | 1.242 | 1.339 |  1.078 | 0.863
 312 | Wis.-Superior        |   3 | 1.236 | 1.177 |  0.952 | 0.888
 313 | Western Wash.        |   2 | 1.231 | 0.882 |  0.716 | 1.098
 314 | Mass.-Dartmouth      |   3 | 1.227 | 1.286 |  1.048 | 0.852
 315 | Texas-Tyler          |   3 | 1.227 | 1.137 |  0.927 | 0.946
 316 | Winthrop             |   1 | 1.227 | 1.600 |  1.304 | 1.154
 317 | Lasell               |   3 | 1.224 | 1.064 |  0.869 | 0.671
 318 | Pacific Lutheran     |   3 | 1.219 | 1.204 |  0.987 | 0.931
 319 | Misericordia         |   3 | 1.211 | 1.110 |  0.917 | 0.958
 320 | Fairfield            |   1 | 1.211 | 0.880 |  0.726 | 1.153
 321 | Temple               |   1 | 1.209 | 1.004 |  0.830 | 0.984
 322 | Milwaukee            |   1 | 1.208 | 1.246 |  1.031 | 1.056
 323 | West Ala.            |   2 | 1.205 | 0.985 |  0.817 | 1.092
 324 | Mary Washington      |   3 | 1.199 | 0.825 |  0.688 | 0.993
 325 | Wilmington (DE)      |   2 | 1.198 | 1.384 |  1.156 | 1.121
 326 | S.C. Aiken           |   2 | 1.195 | 1.273 |  1.066 | 0.963
 327 | St. Johns (MN)       |   3 | 1.189 | 1.116 |  0.939 | 0.987
 328 | Binghamton           |   1 | 1.188 | 1.223 |  1.030 | 1.040
 329 | North Central (IL)   |   3 | 1.184 | 1.299 |  1.097 | 0.852
 330 | Claremont-M-S        |   3 | 1.181 | 1.252 |  1.060 | 0.801
 331 | Lafayette            |   1 | 1.179 | 0.906 |  0.769 | 1.039
 332 | Ohio St.             |   1 | 1.177 | 1.286 |  1.093 | 1.275
 333 | William & Mary       |   1 | 1.176 | 0.960 |  0.816 | 1.294
 334 | Greensboro           |   3 | 1.174 | 1.055 |  0.899 | 0.886
 335 | Penn                 |   1 | 1.172 | 1.728 |  1.475 | 1.184
 336 | Hamilton             |   3 | 1.164 | 1.320 |  1.134 | 1.277
 337 | New Hampshire        |   1 | 1.163 | 0.908 |  0.780 | 1.101
 338 | South Carolina       |   1 | 1.163 | 0.934 |  0.803 | 1.361
 339 | Wright St.           |   1 | 1.158 | 1.030 |  0.889 | 1.209
 340 | West Chester         |   2 | 1.155 | 0.899 |  0.778 | 1.125
 341 | Kean                 |   3 | 1.155 | 1.233 |  1.068 | 1.023
 342 | Marist               |   1 | 1.147 | 1.092 |  0.952 | 0.999
 343 | Ithaca               |   3 | 1.145 | 0.750 |  0.655 | 1.064
 344 | Loyola Marymount     |   1 | 1.143 | 0.815 |  0.713 | 1.362
 345 | Southern Conn. St.   |   2 | 1.139 | 1.172 |  1.029 | 1.009
 346 | Bloomsburg           |   2 | 1.131 | 1.239 |  1.095 | 1.108
 347 | Colgate              |   1 | 1.130 | 1.125 |  0.995 | 1.219
 348 | Elizabethtown        |   3 | 1.110 | 1.050 |  0.946 | 1.120
 349 | Houston Baptist      |   1 | 1.107 | 1.270 |  1.148 | 1.182
 350 | Virginia Tech        |   1 | 1.107 | 0.981 |  0.886 | 1.236
 351 | Bentley              |   2 | 1.107 | 1.411 |  1.275 | 1.042
 352 | Neb. Wesleyan        |   3 | 1.091 | 1.103 |  1.012 | 1.109
 353 | Air Force            |   1 | 1.088 | 0.722 |  0.664 | 1.175
 354 | Lenoir-Rhyne         |   2 | 1.088 | 1.150 |  1.057 | 0.970
 355 | Fairleigh Dickinson  |   1 | 1.088 | 1.182 |  1.087 | 1.042
 356 | Greenville           |   3 | 1.087 | 0.757 |  0.696 | 0.723
 357 | Indianapolis         |   2 | 1.087 | 1.335 |  1.228 | 1.183
 358 | Caldwell             |   2 | 1.079 | 1.332 |  1.235 | 1.115
 359 | Cal St. Fullerton    |   1 | 1.077 | 1.002 |  0.931 | 1.276
 360 | San Diego            |   1 | 1.067 | 1.141 |  1.069 | 1.227
 361 | UC-Colo. Springs     |   2 | 1.058 | 0.888 |  0.839 | 1.125
 362 | Shippensburg         |   2 | 1.049 | 1.263 |  1.204 | 1.046
 363 | Kings (PA)           |   3 | 1.049 | 1.105 |  1.054 | 0.757
 364 | BYU-Hawaii           |   2 | 1.046 | 0.944 |  0.902 | 1.068
 365 | Assumption           |   2 | 1.037 | 1.152 |  1.111 | 1.093
 366 | UMKC                 |   1 | 1.035 | 1.088 |  1.051 | 1.134
 367 | Canisius             |   1 | 1.034 | 1.180 |  1.141 | 0.930
 368 | Randolph             |   3 | 1.030 | 1.015 |  0.985 | 0.875
 369 | Detroit              |   1 | 1.030 | 1.183 |  1.149 | 1.035
 370 | Sage Colleges        |   3 | 1.030 | 0.991 |  0.962 | 0.550
 371 | Birmingham-So.       |   3 | 1.029 | 0.999 |  0.971 | 0.915
 372 | Ouachita Baptist     |   2 | 1.029 | 1.461 |  1.421 | 1.073
 373 | Catawba              |   2 | 1.028 | 1.036 |  1.008 | 0.933
 374 | New Haven            |   2 | 1.019 | 1.062 |  1.043 | 1.083
 375 | Dixie St.            |   2 | 1.017 | 0.697 |  0.686 | 1.134
 376 | Endicott             |   3 | 1.014 | 1.097 |  1.082 | 0.849
 377 | Rose-Hulman          |   3 | 1.012 | 0.837 |  0.827 | 0.851
 378 | St. Thomas Aquinas   |   2 | 1.011 | 0.956 |  0.946 | 1.052
 379 | Sacred Heart         |   1 | 1.009 | 0.849 |  0.842 | 0.997
 380 | St. John Fisher      |   3 | 1.006 | 1.002 |  0.997 | 0.908
 381 | Holy Family          |   2 | 1.004 | 1.272 |  1.267 | 1.065
 382 | American Intl        |   2 | 1.000 | 1.202 |  1.203 | 1.166
 383 | Kalamazoo            |   3 | 0.993 | 0.939 |  0.945 | 0.990
 384 | Cincinnati           |   1 | 0.992 | 0.572 |  0.577 | 1.205
 385 | New Jersey City      |   3 | 0.989 | 1.456 |  1.473 | 0.853
 386 | Salve Regina         |   3 | 0.989 | 0.914 |  0.925 | 0.834
 387 | UC Santa Cruz        |   3 | 0.989 | 0.964 |  0.974 | 0.931
 388 | Cal Poly Pomona      |   2 | 0.987 | 0.921 |  0.933 | 1.201
 389 | Castleton            |   3 | 0.986 | 1.044 |  1.059 | 0.674
 390 | Newman               |   2 | 0.983 | 0.799 |  0.813 | 1.016
 391 | Northern Ill.        |   1 | 0.982 | 0.788 |  0.803 | 1.077
 392 | Francis Marion       |   2 | 0.974 | 0.915 |  0.940 | 1.061
 393 | Dist. Columbia       |   2 | 0.970 | 1.183 |  1.220 | 1.090
 394 | Bridgewater (VA)     |   3 | 0.968 | 1.181 |  1.220 | 0.903
 395 | Southwestern (TX)    |   3 | 0.966 | 1.166 |  1.208 | 0.944
 396 | Redlands             |   3 | 0.966 | 0.900 |  0.932 | 0.774
 397 | Queens (NC)          |   2 | 0.964 | 1.293 |  1.342 | 0.901
 398 | Nazareth             |   3 | 0.962 | 1.250 |  1.300 | 0.951
 399 | NJIT                 |   1 | 0.962 | 1.122 |  1.166 | 0.990
 400 | Merchant Marine      |   3 | 0.960 | 0.939 |  0.978 | 1.005
 401 | Rhode Island         |   1 | 0.956 | 1.362 |  1.425 | 1.098
 402 | Siena                |   1 | 0.954 | 1.002 |  1.050 | 0.878
 403 | Yale                 |   1 | 0.954 | 0.544 |  0.571 | 1.123
 404 | Central (IA)         |   3 | 0.953 | 1.067 |  1.119 | 1.059
 405 | Dowling              |   2 | 0.953 | 1.128 |  1.184 | 1.200
 406 | Guilford             |   3 | 0.952 | 1.232 |  1.294 | 0.906
 407 | NYIT                 |   2 | 0.946 | 0.955 |  1.010 | 0.974
 408 | Gonzaga              |   1 | 0.945 | 1.044 |  1.105 | 1.179
 409 | Neumann              |   3 | 0.944 | 0.743 |  0.787 | 0.871
 410 | Capital              |   3 | 0.939 | 0.946 |  1.007 | 0.891
 411 | Belmont              |   1 | 0.937 | 1.021 |  1.090 | 1.137
 412 | Grove City           |   3 | 0.935 | 0.913 |  0.976 | 0.989
 413 | Utica                |   3 | 0.933 | 0.880 |  0.944 | 0.916
 414 | Delta St.            |   2 | 0.932 | 1.142 |  1.225 | 0.918
 415 | Union (NY)           |   3 | 0.931 | 1.042 |  1.120 | 0.779
 416 | Seattle              |   1 | 0.931 | 1.139 |  1.223 | 1.275
 417 | Molloy               |   2 | 0.922 | 1.191 |  1.292 | 1.112
 418 | Harvard              |   1 | 0.919 | 0.897 |  0.976 | 1.392
 419 | Salem St.            |   3 | 0.910 | 0.918 |  1.008 | 0.943
 420 | Army                 |   1 | 0.907 | 0.911 |  1.004 | 1.199
 421 | Concordia (NY)       |   2 | 0.905 | 0.978 |  1.080 | 0.974
 422 | Oakland City         |   2 | 0.904 | 1.096 |  1.212 | 0.921
 423 | Lipscomb             |   1 | 0.903 | 0.963 |  1.067 | 1.133
 424 | Columbia             |   1 | 0.901 | 0.704 |  0.781 | 1.043
 425 | S.C. Upstate         |   1 | 0.894 | 0.790 |  0.883 | 0.946
 426 | Husson               |   3 | 0.891 | 0.965 |  1.084 | 0.713
 427 | Truman               |   2 | 0.889 | 1.154 |  1.298 | 1.038
 428 | Fla. Southern        |   2 | 0.889 | 1.027 |  1.156 | 1.408
 429 | Stevenson            |   3 | 0.889 | 1.003 |  1.129 | 1.045
 430 | Valparaiso           |   1 | 0.888 | 0.568 |  0.640 | 1.069
 431 | Chestnut Hill        |   2 | 0.887 | 1.083 |  1.220 | 0.978
 432 | Seton Hall           |   1 | 0.886 | 1.121 |  1.265 | 1.092
 433 | Providence           |   1 | 0.885 | 0.861 |  0.973 | 1.199
 434 | Massachusetts        |   1 | 0.884 | 0.829 |  0.938 | 1.062
 435 | Manhattanville       |   3 | 0.881 | 0.877 |  0.995 | 0.999
 436 | Arcadia              |   3 | 0.880 | 1.035 |  1.175 | 0.877
 437 | Belmont Abbey        |   2 | 0.878 | 0.814 |  0.927 | 0.850
 438 | Davidson             |   1 | 0.876 | 1.076 |  1.229 | 1.076
 439 | Geneva               |   3 | 0.869 | 0.788 |  0.906 | 0.883
 440 | Gettysburg           |   3 | 0.862 | 0.729 |  0.845 | 1.126
 441 | TCNJ                 |   3 | 0.859 | 0.745 |  0.868 | 1.190
 442 | Wartburg             |   3 | 0.856 | 1.242 |  1.451 | 1.149
 443 | Skidmore             |   3 | 0.853 | 0.635 |  0.745 | 0.802
 444 | Concordia (WI)       |   3 | 0.853 | 0.890 |  1.044 | 0.780
 445 | Trine                |   3 | 0.850 | 0.870 |  1.025 | 0.901
 446 | John Carroll         |   3 | 0.850 | 0.802 |  0.943 | 0.896
 447 | Duquesne             |   1 | 0.849 | 0.988 |  1.164 | 1.021
 448 | Le Moyne             |   2 | 0.849 | 1.048 |  1.234 | 1.071
 449 | East. Mennonite      |   3 | 0.848 | 0.826 |  0.974 | 0.848
 450 | Roanoke              |   3 | 0.844 | 0.952 |  1.127 | 0.828
 451 | Fontbonne            |   3 | 0.837 | 0.938 |  1.121 | 0.658
 452 | Elmira               |   3 | 0.837 | 1.300 |  1.554 | 0.652
 453 | Concordia-Mhead      |   3 | 0.835 | 0.930 |  1.113 | 1.012
 454 | Ramapo               |   3 | 0.826 | 1.050 |  1.271 | 0.970
 455 | Keene St.            |   3 | 0.826 | 0.935 |  1.133 | 0.917
 456 | Georgia St.          |   1 | 0.823 | 0.817 |  0.992 | 1.068
 457 | Norwich              |   3 | 0.823 | 1.065 |  1.294 | 0.636
 458 | Oberlin              |   3 | 0.817 | 1.024 |  1.253 | 0.817
 459 | St. Anselm           |   2 | 0.814 | 1.023 |  1.256 | 1.134
 460 | St. Josephs          |   1 | 0.812 | 0.930 |  1.145 | 1.117
 461 | Brockport            |   3 | 0.806 | 1.021 |  1.266 | 1.011
 462 | Iona                 |   1 | 0.806 | 0.963 |  1.194 | 1.126
 463 | Nichols              |   3 | 0.803 | 0.901 |  1.122 | 0.755
 464 | Robert Morris        |   1 | 0.802 | 0.653 |  0.814 | 1.042
 465 | Framingham St.       |   3 | 0.801 | 0.852 |  1.064 | 0.974
 466 | Cal St. East Bay     |   2 | 0.798 | 0.691 |  0.866 | 1.148
 467 | Lycoming             |   3 | 0.796 | 0.939 |  1.180 | 1.038
 468 | Appalachian St.      |   1 | 0.792 | 0.668 |  0.843 | 1.058
 469 | Westminster (PA)     |   3 | 0.789 | 0.881 |  1.117 | 0.677
 470 | Erskine              |   2 | 0.788 | 0.922 |  1.170 | 0.850
 471 | Harding              |   2 | 0.785 | 0.874 |  1.114 | 1.048
 472 | Webster              |   3 | 0.785 | 0.948 |  1.209 | 0.864
 473 | Stetson              |   1 | 0.784 | 0.739 |  0.942 | 1.126
 474 | Thomas More          |   3 | 0.780 | 1.064 |  1.365 | 0.855
 475 | Tusculum             |   2 | 0.777 | 0.775 |  0.998 | 0.951
 476 | Lake Erie            |   2 | 0.777 | 0.829 |  1.067 | 1.277
 477 | IUPUI                |   1 | 0.770 | 0.789 |  1.025 | 1.114
 478 | Pittsburgh           |   1 | 0.769 | 1.032 |  1.342 | 1.006
 479 | St. Francis (PA)     |   1 | 0.769 | 0.559 |  0.726 | 0.993
 480 | Green Bay            |   1 | 0.768 | 0.990 |  1.289 | 1.197
 481 | Barry                |   2 | 0.767 | 0.823 |  1.072 | 1.345
 482 | Macalester           |   3 | 0.766 | 0.724 |  0.946 | 1.092
 483 | Drake                |   1 | 0.760 | 0.868 |  1.141 | 1.167
 484 | Averett              |   3 | 0.758 | 0.942 |  1.243 | 0.915
 485 | Newberry             |   2 | 0.757 | 0.939 |  1.240 | 1.023
 486 | SUNY Cortland        |   3 | 0.753 | 0.746 |  0.990 | 0.970
 487 | Bates                |   3 | 0.752 | 0.758 |  1.007 | 1.374
 488 | Denison              |   3 | 0.747 | 1.250 |  1.673 | 0.874
 489 | Grinnell             |   3 | 0.745 | 0.823 |  1.103 | 0.869
 490 | Johnson & Wales (RI) |   3 | 0.739 | 0.806 |  1.090 | 0.705
 491 | DePaul               |   1 | 0.734 | 0.796 |  1.084 | 1.256
 492 | Dallas               |   3 | 0.722 | 0.834 |  1.155 | 0.896
 493 | Augustana (IL)       |   3 | 0.720 | 0.852 |  1.182 | 0.958
 494 | Bridgewater St.      |   3 | 0.720 | 0.720 |  1.000 | 0.975
 495 | Holy Cross           |   1 | 0.717 | 0.957 |  1.334 | 1.105
 496 | Case                 |   3 | 0.712 | 0.887 |  1.247 | 1.070
 497 | Delaware             |   1 | 0.705 | 0.786 |  1.115 | 1.085
 498 | Chaminade            |   2 | 0.701 | 0.908 |  1.296 | 1.070
 499 | San Fran. St.        |   2 | 0.699 | 0.781 |  1.118 | 1.228
 500 | Penn St.-Abington    |   3 | 0.697 | 1.086 |  1.556 | 0.661
 501 | Wilmington (OH)      |   3 | 0.690 | 0.794 |  1.151 | 0.836
 502 | Washington Col.      |   3 | 0.687 | 0.746 |  1.087 | 0.990
 503 | Anderson (SC)        |   2 | 0.683 | 0.917 |  1.342 | 1.172
 504 | Albright             |   3 | 0.683 | 1.069 |  1.566 | 0.730
 505 | Mass. Maritime       |   3 | 0.682 | 0.567 |  0.831 | 0.666
 506 | Heidelberg           |   3 | 0.678 | 1.024 |  1.509 | 0.827
 507 | Waynesburg           |   3 | 0.677 | 0.583 |  0.862 | 0.726
 508 | Mary                 |   2 | 0.675 | 0.932 |  1.380 | 1.227
 509 | Northern Ky.         |   1 | 0.674 | 0.695 |  1.032 | 1.081
 510 | St. Peters           |   1 | 0.671 | 0.917 |  1.367 | 1.055
 511 | Barton               |   2 | 0.670 | 1.031 |  1.538 | 0.943
 512 | Western Ill.         |   1 | 0.670 | 0.611 |  0.913 | 1.064
 513 | Tex. Permian Basin   |   2 | 0.669 | 0.804 |  1.203 | 0.895
 514 | Curry                |   3 | 0.668 | 1.199 |  1.794 | 0.810
 515 | Thomas (ME)          |   3 | 0.666 | 0.725 |  1.089 | 0.667
 516 | Lynchburg            |   3 | 0.666 | 0.499 |  0.750 | 0.865
 517 | Jacksonville         |   1 | 0.665 | 0.829 |  1.246 | 1.037
 518 | Mount Union          |   3 | 0.662 | 0.760 |  1.147 | 0.868
 519 | Edgewood             |   3 | 0.659 | 0.688 |  1.044 | 0.784
 520 | Marywood             |   3 | 0.657 | 0.918 |  1.397 | 0.863
 521 | Towson               |   1 | 0.655 | 0.935 |  1.428 | 0.924
 522 | Cal St. Monterey Bay |   2 | 0.653 | 0.747 |  1.143 | 1.164
 523 | Austin               |   3 | 0.650 | 1.128 |  1.736 | 0.890
 524 | Lees-McRae           |   2 | 0.646 | 0.542 |  0.838 | 1.019
 525 | Shepherd             |   2 | 0.644 | 0.558 |  0.867 | 1.080
 526 | Pomona-Pitzer        |   3 | 0.644 | 0.909 |  1.411 | 0.793
 527 | Whitman              |   3 | 0.642 | 0.726 |  1.131 | 0.870
 528 | Franklin             |   3 | 0.640 | 0.777 |  1.215 | 0.936
 529 | Alderson-Broaddus    |   2 | 0.631 | 0.983 |  1.558 | 0.938
 530 | New Paltz St.        |   3 | 0.628 | 0.806 |  1.283 | 0.776
 531 | North Greenville     |   2 | 0.628 | 1.032 |  1.644 | 0.820
 532 | Delaware Valley      |   3 | 0.626 | 0.752 |  1.202 | 0.756
 533 | Academy of Art       |   2 | 0.626 | 0.860 |  1.374 | 1.185
 534 | FDU-Florham          |   3 | 0.622 | 0.987 |  1.587 | 0.856
 535 | Hawaii Hilo          |   2 | 0.621 | 0.982 |  1.582 | 1.126
 536 | Felician             |   2 | 0.620 | 0.587 |  0.947 | 0.998
 537 | Adrian               |   3 | 0.619 | 0.673 |  1.089 | 0.911
 538 | SUNY Geneseo         |   3 | 0.618 | 0.742 |  1.202 | 0.975
 539 | Hardin-Simmons       |   3 | 0.612 | 0.761 |  1.243 | 0.850
 540 | Stonehill            |   2 | 0.611 | 0.734 |  1.200 | 1.175
 541 | Wittenberg           |   3 | 0.610 | 0.842 |  1.382 | 0.861
 542 | Bryant               |   1 | 0.609 | 1.037 |  1.704 | 0.906
 543 | Plymouth St.         |   3 | 0.607 | 0.909 |  1.497 | 0.876
 544 | Wis. Lutheran        |   3 | 0.603 | 0.777 |  1.288 | 0.627
 545 | Suffolk              |   3 | 0.602 | 1.047 |  1.740 | 0.698
 546 | Gordon               |   3 | 0.601 | 1.174 |  1.953 | 0.842
 547 | Cal Lutheran         |   3 | 0.599 | 0.859 |  1.433 | 0.749
 548 | SUNYIT               |   3 | 0.597 | 0.741 |  1.241 | 0.746
 549 | Cazenovia            |   3 | 0.596 | 0.747 |  1.254 | 0.754
 550 | Maine Maritime       |   3 | 0.596 | 0.742 |  1.245 | 0.590
 551 | Western New Eng.     |   3 | 0.596 | 0.672 |  1.128 | 0.930
 552 | Mt. St. Mary (NY)    |   3 | 0.595 | 0.803 |  1.350 | 0.718
 553 | Concord              |   2 | 0.595 | 0.846 |  1.420 | 1.119
 554 | Cabrini              |   3 | 0.595 | 0.783 |  1.315 | 0.910
 555 | Richmond             |   1 | 0.594 | 0.709 |  1.194 | 0.967
 556 | Chapman              |   3 | 0.594 | 0.960 |  1.615 | 0.766
 557 | Clarkson             |   3 | 0.594 | 0.653 |  1.099 | 0.945
 558 | Willamette           |   3 | 0.593 | 0.750 |  1.264 | 0.974
 559 | Lawrence             |   3 | 0.593 | 0.646 |  1.088 | 0.764
 560 | Liberty              |   1 | 0.589 | 0.773 |  1.314 | 1.072
 561 | Findlay              |   2 | 0.586 | 0.594 |  1.014 | 1.375
 562 | Pitt.-Greensburg     |   3 | 0.584 | 0.933 |  1.598 | 0.641
 563 | Millsaps             |   3 | 0.581 | 0.686 |  1.182 | 0.853
 564 | Ga. Southern         |   1 | 0.574 | 0.865 |  1.508 | 1.055
 565 | Salem Intl           |   2 | 0.572 | 0.723 |  1.262 | 0.656
 566 | St. Josephs (IN)     |   2 | 0.572 | 0.788 |  1.377 | 1.157
 567 | Morrisville St.      |   3 | 0.572 | 1.066 |  1.863 | 0.668
 568 | Widener              |   3 | 0.566 | 0.688 |  1.216 | 0.801
 569 | Occidental           |   3 | 0.565 | 0.630 |  1.116 | 0.751
 570 | Rhode Island Col.    |   3 | 0.564 | 0.799 |  1.417 | 0.979
 571 | Mass. Liberal Arts   |   3 | 0.558 | 0.828 |  1.483 | 0.748
 572 | Va. Wesleyan         |   3 | 0.555 | 0.834 |  1.502 | 0.897
 573 | Long Island          |   1 | 0.550 | 0.648 |  1.177 | 1.030
 574 | Minn.-Morris         |   3 | 0.550 | 0.587 |  1.066 | 0.676
 575 | Rosemont             |   3 | 0.545 | 0.784 |  1.438 | 0.673
 576 | Oral Roberts         |   1 | 0.545 | 0.894 |  1.640 | 1.073
 577 | Oswego St.           |   3 | 0.539 | 0.573 |  1.064 | 0.878
 578 | Hanover              |   3 | 0.539 | 0.664 |  1.233 | 0.845
 579 | Albany (NY)          |   1 | 0.536 | 0.650 |  1.213 | 1.120
 580 | Maryville (MO)       |   2 | 0.536 | 0.617 |  1.151 | 1.190
 581 | Springfield          |   3 | 0.532 | 0.670 |  1.259 | 0.954
 582 | Westfield St.        |   3 | 0.530 | 0.622 |  1.175 | 0.871
 583 | Centenary (NJ)       |   3 | 0.529 | 0.867 |  1.639 | 0.807
 584 | Eastern Ill.         |   1 | 0.529 | 0.780 |  1.473 | 1.065
 585 | St. Marys (MD)       |   3 | 0.526 | 0.887 |  1.687 | 0.889
 586 | Westminster (MO)     |   3 | 0.524 | 0.802 |  1.532 | 0.705
 587 | Clark (MA)           |   3 | 0.521 | 0.950 |  1.824 | 0.799
 588 | George Washington    |   1 | 0.515 | 0.666 |  1.293 | 0.888
 589 | Loyola (IL)          |   1 | 0.511 | 0.631 |  1.235 | 0.983
 590 | St. Bonaventure      |   1 | 0.507 | 0.926 |  1.826 | 1.078
 591 | Maryville (TN)       |   3 | 0.504 | 0.595 |  1.179 | 0.822
 592 | Wash. & Jeff.        |   3 | 0.503 | 0.539 |  1.070 | 0.879
 593 | Juniata              |   3 | 0.502 | 0.822 |  1.636 | 0.678
 594 | Keuka                |   3 | 0.502 | 0.762 |  1.519 | 0.535
 595 | Ill.-Springfield     |   2 | 0.499 | 0.789 |  1.581 | 1.108
 596 | Ferrum               |   3 | 0.492 | 0.777 |  1.578 | 0.787
 597 | Mt. St. Marys        |   1 | 0.488 | 0.657 |  1.347 | 0.955
 598 | Fla. Atlantic        |   1 | 0.484 | 0.645 |  1.332 | 1.192
 599 | Ursinus              |   3 | 0.483 | 0.921 |  1.906 | 0.949
 600 | Wesley               |   3 | 0.481 | 0.580 |  1.205 | 1.010
 601 | Lesley               |   3 | 0.479 | 0.662 |  1.381 | 0.722
 602 | Wabash               |   3 | 0.478 | 0.758 |  1.586 | 0.876
 603 | Lehigh               |   1 | 0.478 | 0.487 |  1.019 | 1.260
 604 | Manhattan            |   1 | 0.477 | 0.735 |  1.541 | 1.121
 605 | Polytechnic (NY)     |   3 | 0.475 | 0.711 |  1.498 | 0.757
 606 | Whittier             |   3 | 0.474 | 1.073 |  2.267 | 0.783
 607 | Rider                |   1 | 0.470 | 0.660 |  1.403 | 1.056
 608 | Goucher              |   3 | 0.467 | 0.835 |  1.790 | 0.822
 609 | Phila. Biblical      |   3 | 0.467 | 0.521 |  1.116 | 0.738
 610 | Alma                 |   3 | 0.465 | 0.620 |  1.335 | 0.873
 611 | Gardner-Webb         |   1 | 0.464 | 0.633 |  1.365 | 1.130
 612 | St. Josephs (ME)     |   3 | 0.461 | 0.652 |  1.414 | 0.758
 613 | Buffalo              |   1 | 0.458 | 0.595 |  1.301 | 1.130
 614 | Hilbert              |   3 | 0.457 | 0.894 |  1.955 | 0.682
 615 | Upper Iowa           |   2 | 0.457 | 0.598 |  1.310 | 1.121
 616 | St. Marys (TX)       |   2 | 0.456 | 0.656 |  1.440 | 1.007
 617 | La Roche             |   3 | 0.455 | 1.114 |  2.449 | 0.745
 618 | Hampden-Sydney       |   3 | 0.455 | 0.626 |  1.376 | 0.808
 619 | Ala.-Huntsville      |   2 | 0.453 | 0.728 |  1.608 | 1.157
 620 | Brooklyn             |   3 | 0.453 | 0.471 |  1.040 | 0.674
 621 | Mass.-Boston         |   3 | 0.445 | 0.887 |  1.995 | 0.772
 622 | SUNY Potsdam         |   3 | 0.444 | 0.597 |  1.344 | 0.940
 623 | Mount Ida            |   3 | 0.442 | 0.668 |  1.511 | 0.639
 624 | U New England        |   3 | 0.439 | 0.515 |  1.174 | 0.739
 625 | Sewanee              |   3 | 0.439 | 0.561 |  1.278 | 0.866
 626 | Concordia (TX)       |   3 | 0.436 | 0.717 |  1.643 | 0.779
 627 | Longwood             |   1 | 0.434 | 0.652 |  1.503 | 0.987
 628 | Louisiana Col.       |   3 | 0.433 | 1.000 |  2.309 | 0.716
 629 | Presbyterian         |   1 | 0.432 | 0.697 |  1.613 | 1.059
 630 | Manchester           |   3 | 0.432 | 0.711 |  1.646 | 0.945
 631 | Farmingdale St.      |   3 | 0.431 | 0.683 |  1.584 | 0.691
 632 | Penn St.-Harrisburg  |   3 | 0.431 | 0.756 |  1.753 | 0.725
 633 | Emerson              |   3 | 0.430 | 0.857 |  1.993 | 0.780
 634 | Adams St.            |   2 | 0.430 | 0.531 |  1.235 | 1.262
 635 | Mount Olive          |   2 | 0.427 | 0.699 |  1.636 | 0.859
 636 | Adelphi              |   1 | 0.426 | 0.724 |  1.701 | 1.209
 637 | La Verne             |   3 | 0.424 | 0.628 |  1.482 | 0.806
 638 | Linfield             |   3 | 0.417 | 0.723 |  1.733 | 0.893
 639 | St. Marys (MN)       |   3 | 0.416 | 0.674 |  1.622 | 0.912
 640 | VMI                  |   1 | 0.414 | 0.725 |  1.750 | 1.008
 641 | Marietta             |   3 | 0.411 | 0.634 |  1.543 | 0.986
 642 | Wilkes               |   3 | 0.409 | 0.791 |  1.936 | 0.873
 643 | Fredonia St.         |   3 | 0.407 | 0.631 |  1.553 | 0.950
 644 | Dallas Baptist       |   2 | 0.397 | 0.510 |  1.285 | 0.947
 645 | Spalding             |   3 | 0.391 | 0.688 |  1.760 | 0.635
 646 | Wentworth Inst.      |   3 | 0.390 | 0.455 |  1.164 | 1.036
 647 | Piedmont             |   3 | 0.389 | 0.693 |  1.782 | 0.863
 648 | New England Col.     |   3 | 0.387 | 0.603 |  1.555 | 0.633
 649 | Ga. Southwestern     |   2 | 0.386 | 0.657 |  1.701 | 1.116
 650 | Bethany (WV)         |   3 | 0.385 | 0.890 |  2.313 | 0.786
 651 | Northwestern (MN)    |   3 | 0.382 | 0.605 |  1.586 | 0.640
 652 | Wells                |   3 | 0.382 | 0.360 |  0.942 | 0.569
 653 | Principia            |   3 | 0.379 | 0.480 |  1.267 | 0.885
 654 | Fitchburg St.        |   3 | 0.378 | 0.650 |  1.719 | 0.771
 655 | North Florida        |   1 | 0.377 | 0.916 |  2.431 | 1.080
 656 | Marian (WI)          |   3 | 0.377 | 0.577 |  1.528 | 0.926
 657 | Otterbein            |   3 | 0.372 | 0.621 |  1.668 | 0.971
 658 | East Tex. Baptist    |   3 | 0.372 | 0.732 |  1.967 | 0.865
 659 | St. Martins          |   2 | 0.370 | 0.732 |  1.979 | 1.043
 660 | Seton Hill           |   2 | 0.369 | 0.642 |  1.737 | 1.125
 661 | Pitt.-Johnstown      |   2 | 0.367 | 0.611 |  1.665 | 1.083
 662 | St. Josephs (L.I.)   |   3 | 0.364 | 0.856 |  2.348 | 0.782
 663 | Chowan               |   2 | 0.363 | 1.070 |  2.949 | 0.903
 664 | Centenary (LA)       |   3 | 0.360 | 0.602 |  1.673 | 0.872
 665 | Knox                 |   3 | 0.358 | 0.697 |  1.946 | 0.537
 666 | Hamline              |   3 | 0.353 | 0.607 |  1.719 | 0.802
 667 | Baruch               |   3 | 0.352 | 0.749 |  2.126 | 0.646
 668 | Buffalo St.          |   3 | 0.348 | 0.467 |  1.342 | 0.790
 669 | IPFW                 |   1 | 0.347 | 0.563 |  1.624 | 1.089
 670 | Pacific (OR)         |   3 | 0.346 | 0.746 |  2.155 | 0.857
 671 | Randolph-Macon       |   3 | 0.341 | 0.613 |  1.799 | 0.894
 672 | Penn St.-Altoona     |   3 | 0.339 | 0.501 |  1.478 | 0.866
 673 | Brevard              |   2 | 0.336 | 0.589 |  1.755 | 0.935
 674 | SUNY Maritime        |   3 | 0.335 | 0.554 |  1.655 | 0.631
 675 | Albion               |   3 | 0.335 | 0.553 |  1.651 | 0.999
 676 | Concordia Chicago    |   3 | 0.333 | 0.652 |  1.961 | 0.910
 677 | Keystone             |   3 | 0.333 | 0.669 |  2.007 | 0.712
 678 | Eastern Nazarene     |   3 | 0.332 | 0.660 |  1.984 | 0.695
 679 | Wooster              |   3 | 0.330 | 0.553 |  1.677 | 0.884
 680 | Worcester St.        |   3 | 0.324 | 0.732 |  2.260 | 0.890
 681 | Texas Lutheran       |   3 | 0.324 | 0.607 |  1.872 | 0.856
 682 | Ozarks (AR)          |   3 | 0.322 | 0.676 |  2.104 | 0.751
 683 | Elms                 |   3 | 0.321 | 0.588 |  1.833 | 0.708
 684 | Howard Payne         |   3 | 0.320 | 0.495 |  1.546 | 0.805
 685 | Staten Island        |   3 | 0.320 | 0.619 |  1.937 | 0.619
 686 | Millikin             |   3 | 0.319 | 0.560 |  1.755 | 0.832
 687 | Schreiner            |   3 | 0.318 | 0.571 |  1.799 | 0.828
 688 | Purchase St.         |   3 | 0.317 | 0.783 |  2.472 | 0.584
 689 | Moravian             |   3 | 0.317 | 0.500 |  1.574 | 0.860
 690 | Earlham              |   3 | 0.317 | 0.520 |  1.640 | 0.742
 691 | Mitchell             |   3 | 0.314 | 0.615 |  1.955 | 0.689
 692 | Hood                 |   3 | 0.311 | 0.711 |  2.289 | 0.776
 693 | Mt. St. Joseph       |   3 | 0.309 | 0.605 |  1.957 | 0.794
 694 | Southwest Baptist    |   2 | 0.309 | 0.775 |  2.509 | 1.079
 695 | Huntingdon           |   3 | 0.309 | 0.759 |  2.454 | 0.668
 696 | UNC Asheville        |   1 | 0.303 | 0.552 |  1.819 | 1.111
 697 | Coe                  |   3 | 0.301 | 0.678 |  2.255 | 0.741
 698 | George Fox           |   3 | 0.301 | 0.646 |  2.142 | 0.957
 699 | Rhodes               |   3 | 0.299 | 0.602 |  2.012 | 0.984
 700 | Muskingum            |   3 | 0.297 | 0.372 |  1.250 | 0.757
 701 | McMurry              |   2 | 0.293 | 0.526 |  1.795 | 0.858
 702 | Bethel (MN)          |   3 | 0.288 | 0.552 |  1.918 | 0.989
 703 | Colby-Sawyer         |   3 | 0.284 | 0.584 |  2.058 | 0.784
 704 | Newbury              |   3 | 0.283 | 0.450 |  1.591 | 0.607
 705 | Illinois Col.        |   3 | 0.279 | 0.394 |  1.414 | 0.589
 706 | Lyndon St.           |   3 | 0.277 | 0.616 |  2.222 | 0.778
 707 | Ripon                |   3 | 0.275 | 0.466 |  1.695 | 0.769
 708 | Ohio Valley          |   2 | 0.275 | 0.646 |  2.354 | 0.873
 709 | St. Rose             |   2 | 0.274 | 0.456 |  1.665 | 1.009
 710 | Alfred               |   3 | 0.268 | 0.522 |  1.945 | 0.830
 711 | Emmanuel (MA)        |   3 | 0.262 | 0.537 |  2.054 | 0.738
 712 | Western Conn. St.    |   3 | 0.260 | 0.278 |  1.069 | 0.911
 713 | Bethany Lutheran     |   3 | 0.258 | 0.708 |  2.747 | 0.662
 714 | Anderson (IN)        |   3 | 0.257 | 0.390 |  1.516 | 0.899
 715 | St. Norbert          |   3 | 0.256 | 0.496 |  1.941 | 0.882
 716 | Lehman               |   3 | 0.255 | 0.647 |  2.538 | 0.628
 717 | St. Vincent          |   3 | 0.252 | 0.658 |  2.607 | 0.731
 718 | Goldey-Beacom        |   2 | 0.251 | 0.541 |  2.157 | 0.959
 719 | John Jay             |   3 | 0.250 | 0.643 |  2.576 | 0.611
 720 | Regis (MA)           |   3 | 0.248 | 0.663 |  2.672 | 0.662
 721 | LeTourneau           |   3 | 0.246 | 0.383 |  1.560 | 0.852
 722 | Daniel Webster       |   3 | 0.244 | 0.420 |  1.719 | 0.621
 723 | Southern Me.         |   3 | 0.236 | 0.476 |  2.014 | 0.850
 724 | Emory & Henry        |   3 | 0.235 | 0.537 |  2.287 | 0.812
 725 | Benedictine (IL)     |   3 | 0.232 | 0.548 |  2.363 | 0.829
 726 | Pfeiffer             |   2 | 0.227 | 0.430 |  1.892 | 1.013
 727 | CCNY                 |   3 | 0.226 | 0.461 |  2.038 | 0.654
 728 | Immaculata           |   3 | 0.225 | 0.478 |  2.122 | 0.749
 729 | Marymount (VA)       |   3 | 0.219 | 0.557 |  2.544 | 0.938
 730 | Howard               |   1 | 0.217 | 0.430 |  1.984 | 0.898
 731 | Defiance             |   3 | 0.216 | 0.368 |  1.703 | 0.879
 732 | Washington Adventist |   2 | 0.212 | 0.556 |  2.621 | 0.577
 733 | Thiel                |   3 | 0.205 | 0.567 |  2.761 | 0.688
 734 | Bluffton             |   3 | 0.204 | 0.618 |  3.030 | 0.756
 735 | King (TN)            |   2 | 0.204 | 0.428 |  2.100 | 1.074
 736 | Buena Vista          |   3 | 0.203 | 0.600 |  2.953 | 0.593
 737 | LaGrange             |   3 | 0.202 | 0.450 |  2.222 | 0.776
 738 | Southern Vt.         |   3 | 0.192 | 0.533 |  2.779 | 0.678
 739 | Pitt.-Bradford       |   3 | 0.190 | 0.397 |  2.089 | 0.640
 740 | Monmouth (IL)        |   3 | 0.187 | 0.394 |  2.104 | 0.747
 741 | Lancaster Bible      |   3 | 0.187 | 0.433 |  2.317 | 0.676
 742 | Me.-Farmington       |   3 | 0.183 | 0.566 |  3.092 | 0.679
 743 | Crown (MN)           |   3 | 0.175 | 0.622 |  3.555 | 0.632
 744 | Hunter               |   3 | 0.174 | 0.337 |  1.936 | 0.845
 745 | Maranatha Baptist    |   3 | 0.172 | 0.601 |  3.493 | 0.839
 746 | Old Westbury         |   3 | 0.165 | 0.514 |  3.121 | 0.769
 747 | Lakeland             |   3 | 0.162 | 0.393 |  2.426 | 0.815
 748 | Shenandoah           |   3 | 0.161 | 0.348 |  2.165 | 0.835
 749 | Penn St.-Berks       |   3 | 0.156 | 0.451 |  2.898 | 0.688
 750 | Me.-Presque Isle     |   3 | 0.151 | 0.571 |  3.796 | 0.799
 751 | Mt. Aloysius         |   3 | 0.150 | 0.288 |  1.928 | 0.702
 752 | Cornell College      |   3 | 0.148 | 0.469 |  3.168 | 1.031
 753 | DYouville            |   3 | 0.147 | 0.527 |  3.586 | 0.731
 754 | Colo. Christian      |   2 | 0.142 | 0.389 |  2.730 | 1.153
 755 | Cobleskill St.       |   3 | 0.142 | 0.419 |  2.958 | 0.664
 756 | Blackburn            |   3 | 0.132 | 0.494 |  3.751 | 0.840
 757 | Gwynedd-Mercy        |   3 | 0.126 | 0.395 |  3.131 | 0.856
 758 | Ky. Wesleyan         |   2 | 0.121 | 0.331 |  2.732 | 1.085
 759 | Yeshiva              |   3 | 0.114 | 0.462 |  4.049 | 0.798
 760 | Martin Luther        |   3 | 0.112 | 0.365 |  3.254 | 0.593
 761 | York (NY)            |   3 | 0.111 | 0.364 |  3.286 | 0.698
 762 | Finlandia            |   3 | 0.109 | 0.437 |  3.996 | 0.618
 763 | North Central (MN)   |   3 | 0.108 | 0.372 |  3.449 | 0.579
 764 | Franciscan           |   3 | 0.101 | 0.396 |  3.918 | 0.822
 765 | Mt. St. Vincent      |   3 | 0.097 | 0.510 |  5.260 | 0.592
 766 | Green Mountain       |   3 | 0.095 | 0.256 |  2.704 | 0.588
 767 | Baptist Bible (PA)   |   3 | 0.090 | 0.325 |  3.621 | 0.681
 768 | Becker               |   3 | 0.088 | 0.306 |  3.488 | 0.597
 769 | Bard                 |   3 | 0.083 | 0.255 |  3.072 | 0.678
 770 | Rivier               |   3 | 0.081 | 0.272 |  3.371 | 0.716
 771 | MacMurray            |   3 | 0.079 | 0.288 |  3.645 | 0.524
 772 | Caltech              |   3 | 0.079 | 0.236 |  2.996 | 0.842
 773 | Gallaudet            |   3 | 0.071 | 0.399 |  5.594 | 0.624
 774 | St. Josephs (Brkln)  |   3 | 0.070 | 0.446 |  6.386 | 0.535
 775 | Anna Maria           |   3 | 0.070 | 0.303 |  4.347 | 0.696
 776 | Rockford             |   3 | 0.069 | 0.255 |  3.674 | 0.840
 777 | Johnson St.          |   3 | 0.068 | 0.216 |  3.200 | 0.805
 778 | Medgar Evers         |   3 | 0.062 | 0.290 |  4.692 | 0.649
 779 | Presentation         |   3 | 0.057 | 0.319 |  5.626 | 0.448
 780 | Eureka               |   3 | 0.056 | 0.422 |  7.571 | 0.681
 781 | Northland            |   3 | 0.045 | 0.251 |  5.631 | 0.654
 782 | Wheelock             |   3 | 0.028 | 0.327 | 11.817 | 0.469
(782 rows)

COMMIT
