BEGIN
CREATE TABLE
INSERT 0 8278
 year |  str  |  ofs  |  dfs  |  sos  |  n  
------+-------+-------+-------+-------+-----
 2002 | 0.837 | 0.925 | 0.905 | 1.005 |   5
 2003 | 0.959 | 0.980 | 0.979 | 0.998 | 731
 2004 | 0.962 | 0.981 | 0.981 | 0.998 | 725
 2005 | 0.957 | 0.978 | 0.978 | 0.994 | 729
 2006 | 0.957 | 0.978 | 0.978 | 0.993 | 728
 2007 | 0.956 | 0.978 | 0.977 | 0.993 | 736
 2008 | 0.956 | 0.978 | 0.977 | 0.993 | 747
 2009 | 0.956 | 0.978 | 0.977 | 0.991 | 769
 2010 | 0.956 | 0.978 | 0.977 | 0.992 | 769
 2011 | 0.956 | 0.978 | 0.977 | 0.990 | 777
 2012 | 0.955 | 0.978 | 0.977 | 0.990 | 780
 2013 | 0.955 | 0.979 | 0.975 | 0.984 | 782
(12 rows)

 year | div |  str  |  ofs  |  dfs  |  sos  |  n  
------+-----+-------+-------+-------+-------+-----
 2002 |   3 | 0.837 | 0.925 | 0.905 | 1.005 |   5
 2003 |   1 | 1.159 | 1.061 | 1.093 | 1.070 | 201
 2003 |   2 | 1.043 | 1.039 | 1.003 | 1.038 | 164
 2003 |   3 | 0.832 | 0.913 | 0.911 | 0.943 | 366
 2004 |   1 | 1.163 | 1.057 | 1.100 | 1.074 | 211
 2004 |   2 | 1.018 | 1.030 | 0.988 | 1.025 | 158
 2004 |   3 | 0.839 | 0.918 | 0.913 | 0.944 | 356
 2005 |   1 | 1.144 | 1.052 | 1.087 | 1.063 | 201
 2005 |   2 | 1.041 | 1.039 | 1.002 | 1.034 | 156
 2005 |   3 | 0.839 | 0.918 | 0.914 | 0.943 | 372
 2006 |   1 | 1.136 | 1.052 | 1.080 | 1.061 | 201
 2006 |   2 | 1.030 | 1.023 | 1.007 | 1.027 | 154
 2006 |   3 | 0.845 | 0.923 | 0.916 | 0.944 | 373
 2007 |   1 | 1.118 | 1.038 | 1.077 | 1.055 | 199
 2007 |   2 | 0.999 | 1.009 | 0.990 | 1.016 | 158
 2007 |   3 | 0.864 | 0.935 | 0.924 | 0.952 | 379
 2008 |   1 | 1.144 | 1.040 | 1.100 | 1.064 | 202
 2008 |   2 | 1.055 | 1.042 | 1.012 | 1.038 | 162
 2008 |   3 | 0.834 | 0.922 | 0.905 | 0.941 | 383
 2009 |   1 | 1.120 | 1.032 | 1.085 | 1.055 | 203
 2009 |   2 | 1.084 | 1.059 | 1.024 | 1.044 | 174
 2009 |   3 | 0.833 | 0.919 | 0.907 | 0.938 | 392
 2010 |   1 | 1.146 | 1.050 | 1.091 | 1.065 | 203
 2010 |   2 | 1.046 | 1.038 | 1.008 | 1.031 | 174
 2010 |   3 | 0.836 | 0.918 | 0.911 | 0.939 | 392
 2011 |   1 | 1.130 | 1.047 | 1.080 | 1.060 | 204
 2011 |   2 | 1.041 | 1.035 | 1.006 | 1.028 | 176
 2011 |   3 | 0.844 | 0.922 | 0.916 | 0.940 | 397
 2012 |   1 | 1.157 | 1.059 | 1.092 | 1.071 | 203
 2012 |   2 | 1.053 | 1.035 | 1.017 | 1.031 | 176
 2012 |   3 | 0.830 | 0.915 | 0.907 | 0.935 | 401
 2013 |   1 | 1.151 | 1.055 | 1.090 | 1.063 | 204
 2013 |   2 | 1.069 | 1.039 | 1.029 | 1.030 | 177
 2013 |   3 | 0.826 | 0.918 | 0.899 | 0.927 | 401
(34 rows)

 school_id | div | year | str | ofs | dfs | sos 
-----------+-----+------+-----+-----+-----+-----
(0 rows)

COMMIT
