BEGIN
CREATE TABLE
INSERT 0 777
 rk  |        school        | div |  str  |  ofs  |  dfs  |  sos  
-----+----------------------+-----+-------+-------+-------+-------
   1 | Emory                |   3 | 8.214 | 2.281 | 0.278 | 1.157
   2 | Connecticut          |   1 | 8.013 | 1.896 | 0.237 | 1.267
   3 | Akron                |   1 | 7.915 | 2.601 | 0.329 | 1.284
   4 | Midwestern St.       |   2 | 7.903 | 2.466 | 0.312 | 1.214
   5 | Maryland             |   1 | 6.843 | 3.053 | 0.446 | 1.468
   6 | Amherst              |   3 | 6.090 | 2.073 | 0.340 | 1.253
   7 | Dominican (IL)       |   3 | 6.043 | 1.766 | 0.292 | 0.913
   8 | Ohio Wesleyan        |   3 | 5.559 | 1.874 | 0.337 | 1.100
   9 | UC Irvine            |   1 | 5.436 | 2.038 | 0.375 | 1.094
  10 | Stevens Institute    |   3 | 5.401 | 1.562 | 0.289 | 1.131
  11 | Bowdoin              |   3 | 5.389 | 1.958 | 0.363 | 1.189
  12 | Wis.-Oshkosh         |   3 | 5.365 | 1.418 | 0.264 | 1.023
  13 | Colorado Mines       |   2 | 5.236 | 2.036 | 0.389 | 1.076
  14 | Louisville           |   1 | 5.099 | 2.340 | 0.459 | 1.409
  15 | Butler               |   1 | 5.052 | 2.002 | 0.396 | 1.116
  16 | Barry                |   2 | 4.986 | 1.713 | 0.344 | 1.314
  17 | Trinity (TX)         |   3 | 4.875 | 3.062 | 0.628 | 1.094
  18 | California           |   1 | 4.783 | 1.990 | 0.416 | 1.404
  19 | Messiah              |   3 | 4.778 | 2.267 | 0.474 | 1.127
  20 | Southern N.H.        |   2 | 4.449 | 1.577 | 0.354 | 1.234
  21 | Washington-St. Louis |   3 | 4.395 | 1.506 | 0.343 | 1.150
  22 | Clayton St.          |   2 | 4.296 | 2.053 | 0.478 | 1.151
  23 | Middlebury           |   3 | 4.293 | 1.746 | 0.407 | 1.200
  24 | Truman               |   2 | 4.229 | 1.929 | 0.456 | 1.185
  25 | New York U.          |   3 | 4.226 | 1.345 | 0.318 | 1.222
  26 | North Carolina       |   1 | 4.172 | 1.752 | 0.420 | 1.475
  27 | Franklin Pierce      |   2 | 4.129 | 1.791 | 0.434 | 1.265
  28 | Duke                 |   1 | 3.995 | 1.961 | 0.491 | 1.384
  29 | Brown                |   1 | 3.994 | 1.337 | 0.335 | 1.241
  30 | Notre Dame           |   1 | 3.957 | 1.783 | 0.451 | 1.455
  31 | Wis.-Whitewater      |   3 | 3.918 | 1.638 | 0.418 | 1.181
  32 | William & Mary       |   1 | 3.669 | 1.686 | 0.459 | 1.273
  33 | Creighton            |   1 | 3.536 | 1.868 | 0.528 | 1.296
  34 | Virginia             |   1 | 3.531 | 1.528 | 0.433 | 1.292
  35 | St. Lawrence         |   3 | 3.508 | 1.690 | 0.482 | 1.163
  36 | Southern Conn. St.   |   2 | 3.492 | 1.562 | 0.447 | 1.205
  37 | Chris. Newport       |   3 | 3.490 | 1.880 | 0.539 | 1.006
  38 | SMU                  |   1 | 3.464 | 2.282 | 0.659 | 1.312
  39 | Johns Hopkins        |   3 | 3.408 | 1.338 | 0.393 | 1.148
  40 | Fla. Gulf Coast      |   1 | 3.398 | 1.605 | 0.472 | 1.112
  41 | UC Santa Barbara     |   1 | 3.397 | 1.672 | 0.492 | 1.246
  42 | Swarthmore           |   3 | 3.394 | 1.613 | 0.475 | 1.033
  43 | Missouri S&T         |   2 | 3.391 | 1.281 | 0.378 | 1.136
  44 | Williams             |   3 | 3.343 | 1.942 | 0.581 | 1.281
  45 | Muhlenberg           |   3 | 3.338 | 1.712 | 0.513 | 1.125
  46 | Calvin               |   3 | 3.331 | 1.473 | 0.442 | 1.066
  47 | York (PA)            |   3 | 3.307 | 1.329 | 0.402 | 1.130
  48 | Col. of Charleston   |   1 | 3.277 | 1.657 | 0.506 | 1.227
  49 | Richard Stockton     |   3 | 3.269 | 1.853 | 0.567 | 1.249
  50 | UCF                  |   1 | 3.250 | 1.872 | 0.576 | 1.168
  51 | Le Moyne             |   2 | 3.244 | 1.454 | 0.448 | 1.263
  52 | Penn                 |   1 | 3.235 | 1.373 | 0.424 | 1.181
  53 | N.C. Wesleyan        |   3 | 3.222 | 1.881 | 0.584 | 1.045
  54 | Montclair St.        |   3 | 3.210 | 1.748 | 0.545 | 1.096
  55 | Michigan St.         |   1 | 3.189 | 2.079 | 0.652 | 1.378
  56 | Cal St. San Bdino    |   2 | 3.157 | 1.401 | 0.444 | 1.100
  57 | Rollins              |   2 | 3.139 | 1.707 | 0.544 | 1.474
  58 | Kenyon               |   3 | 3.126 | 1.318 | 0.422 | 1.032
  59 | Incarnate Word       |   2 | 3.060 | 1.831 | 0.598 | 1.206
  60 | Georgetown           |   1 | 3.059 | 2.259 | 0.739 | 1.406
  61 | Bentley              |   2 | 3.019 | 1.270 | 0.421 | 1.214
  62 | Wingate              |   2 | 3.011 | 1.851 | 0.615 | 1.016
  63 | Flagler              |   2 | 2.955 | 1.611 | 0.545 | 1.233
  64 | Indiana              |   1 | 2.946 | 2.074 | 0.704 | 1.521
  65 | Brockport            |   3 | 2.942 | 1.290 | 0.438 | 1.018
  66 | Penn St.             |   1 | 2.931 | 2.056 | 0.701 | 1.383
  67 | Loras                |   3 | 2.920 | 1.244 | 0.426 | 1.171
  68 | Metro St.            |   2 | 2.887 | 1.843 | 0.638 | 1.087
  69 | West Virginia        |   1 | 2.878 | 1.602 | 0.557 | 1.418
  70 | Ohio St.             |   1 | 2.860 | 1.187 | 0.415 | 1.400
  71 | Ohio Northern        |   3 | 2.804 | 2.073 | 0.739 | 1.001
  72 | Ramapo               |   3 | 2.795 | 1.490 | 0.533 | 1.099
  73 | Northern Ky.         |   2 | 2.780 | 1.930 | 0.694 | 1.132
  74 | Salisbury            |   3 | 2.775 | 1.203 | 0.433 | 1.049
  75 | Carleton             |   3 | 2.750 | 1.539 | 0.560 | 1.135
  76 | Carnegie Mellon      |   3 | 2.746 | 1.776 | 0.647 | 1.208
  77 | Tulsa                |   1 | 2.737 | 2.104 | 0.769 | 1.330
  78 | Millersville         |   2 | 2.719 | 1.878 | 0.691 | 1.119
  79 | St. Johns (NY)       |   1 | 2.711 | 1.442 | 0.532 | 1.228
  80 | Dickinson            |   3 | 2.698 | 1.729 | 0.641 | 1.079
  81 | Boston U.            |   1 | 2.685 | 1.756 | 0.654 | 1.109
  82 | Texas-Tyler          |   3 | 2.682 | 1.529 | 0.570 | 0.994
  83 | Boston College       |   1 | 2.674 | 1.743 | 0.652 | 1.365
  84 | Cal St. Dom. Hills   |   2 | 2.642 | 1.784 | 0.675 | 1.113
  85 | Monmouth             |   1 | 2.633 | 1.401 | 0.532 | 1.024
  86 | Fort Lewis           |   2 | 2.623 | 1.758 | 0.670 | 1.091
  87 | Missouri St.         |   1 | 2.614 | 1.142 | 0.437 | 1.243
  88 | Montevallo           |   2 | 2.600 | 1.563 | 0.601 | 1.059
  89 | Princeton            |   1 | 2.592 | 1.873 | 0.723 | 1.160
  90 | High Point           |   1 | 2.581 | 1.645 | 0.637 | 0.996
  91 | Dowling              |   2 | 2.571 | 1.242 | 0.483 | 1.262
  92 | North Park           |   3 | 2.570 | 1.649 | 0.642 | 1.154
  93 | Dominican (NY)       |   2 | 2.529 | 1.376 | 0.544 | 1.055
  94 | DePauw               |   3 | 2.523 | 0.909 | 0.360 | 0.999
  95 | Charlotte            |   1 | 2.521 | 1.423 | 0.564 | 1.071
  96 | Cincinnati           |   1 | 2.513 | 1.056 | 0.420 | 1.297
  97 | Brandeis             |   3 | 2.490 | 1.723 | 0.692 | 1.122
  98 | Elon                 |   1 | 2.483 | 1.487 | 0.599 | 1.247
  99 | Bloomfield           |   2 | 2.474 | 2.064 | 0.834 | 1.088
 100 | Augsburg             |   3 | 2.452 | 1.347 | 0.550 | 1.149
 101 | Hobart               |   3 | 2.443 | 1.632 | 0.668 | 1.186
 102 | VCU                  |   1 | 2.430 | 1.127 | 0.464 | 1.147
 103 | UCLA                 |   1 | 2.429 | 1.440 | 0.593 | 1.354
 104 | Charleston (WV)      |   2 | 2.426 | 1.725 | 0.711 | 1.029
 105 | Anderson (SC)        |   2 | 2.421 | 1.865 | 0.770 | 1.150
 106 | Wis.-Platteville     |   3 | 2.418 | 1.649 | 0.682 | 1.090
 107 | Heidelberg           |   3 | 2.392 | 1.296 | 0.542 | 0.923
 108 | Babson               |   3 | 2.391 | 1.816 | 0.759 | 1.123
 109 | Wm. Paterson         |   3 | 2.388 | 1.631 | 0.683 | 1.103
 110 | Mercyhurst           |   2 | 2.386 | 1.508 | 0.632 | 1.044
 111 | Rochester (NY)       |   3 | 2.376 | 1.253 | 0.527 | 1.259
 112 | James Madison        |   1 | 2.363 | 1.719 | 0.727 | 1.178
 113 | Wheaton (IL)         |   3 | 2.355 | 1.508 | 0.640 | 1.292
 114 | Tampa                |   2 | 2.351 | 1.348 | 0.574 | 1.414
 115 | St. Leo              |   2 | 2.340 | 1.860 | 0.795 | 1.299
 116 | Bellarmine           |   2 | 2.333 | 1.621 | 0.695 | 1.085
 117 | Regis (CO)           |   2 | 2.303 | 1.632 | 0.709 | 0.997
 118 | Pacific (OR)         |   3 | 2.300 | 1.026 | 0.446 | 0.917
 119 | Gordon               |   3 | 2.296 | 1.007 | 0.439 | 0.837
 120 | Case                 |   3 | 2.291 | 1.512 | 0.660 | 1.262
 121 | Quincy               |   2 | 2.290 | 1.569 | 0.685 | 1.116
 122 | Tiffin               |   2 | 2.279 | 1.698 | 0.745 | 0.925
 123 | Cal St. Bakersfield  |   1 | 2.278 | 1.391 | 0.610 | 1.183
 124 | Eastern Conn. St.    |   3 | 2.274 | 1.457 | 0.641 | 1.026
 125 | Redlands             |   3 | 2.269 | 1.544 | 0.681 | 0.794
 126 | Mary Hardin-Baylor   |   3 | 2.268 | 1.314 | 0.580 | 0.940
 127 | Wheaton (MA)         |   3 | 2.261 | 1.537 | 0.680 | 1.034
 128 | UAB                  |   1 | 2.246 | 1.468 | 0.654 | 1.157
 129 | South Fla.           |   1 | 2.235 | 1.173 | 0.525 | 1.278
 130 | Notre Dame de Namur  |   2 | 2.231 | 1.254 | 0.562 | 0.914
 131 | Washington           |   1 | 2.223 | 1.459 | 0.656 | 1.202
 132 | St. Scholastica      |   3 | 2.221 | 1.224 | 0.551 | 0.794
 133 | Michigan             |   1 | 2.191 | 2.006 | 0.916 | 1.409
 134 | UNC Greensboro       |   1 | 2.182 | 1.728 | 0.792 | 1.195
 135 | Old Dominion         |   1 | 2.169 | 1.248 | 0.575 | 1.333
 136 | San Diego St.        |   1 | 2.167 | 1.544 | 0.712 | 1.222
 137 | Loyola Marymount     |   1 | 2.163 | 1.513 | 0.699 | 1.196
 138 | UNC Wilmington       |   1 | 2.146 | 0.981 | 0.457 | 1.263
 139 | UC Santa Cruz        |   3 | 2.136 | 1.909 | 0.893 | 0.970
 140 | Plattsburgh St.      |   3 | 2.123 | 1.182 | 0.557 | 1.001
 141 | Central (IA)         |   3 | 2.118 | 1.349 | 0.637 | 0.930
 142 | West Tex. A&M        |   2 | 2.115 | 1.574 | 0.744 | 1.266
 143 | St. Thomas Aquinas   |   2 | 2.108 | 1.573 | 0.746 | 0.999
 144 | Denver               |   1 | 2.094 | 1.455 | 0.695 | 1.237
 145 | South Carolina       |   1 | 2.093 | 1.298 | 0.620 | 1.423
 146 | Rensselaer           |   3 | 2.091 | 1.126 | 0.538 | 1.118
 147 | Grand Canyon         |   2 | 2.090 | 1.418 | 0.679 | 0.975
 148 | Nova Southeastern    |   2 | 2.079 | 1.804 | 0.868 | 1.302
 149 | Frank. & Marsh.      |   3 | 2.077 | 1.262 | 0.608 | 1.125
 150 | Chicago              |   3 | 2.076 | 1.224 | 0.590 | 1.349
 151 | Roanoke              |   3 | 2.071 | 1.054 | 0.509 | 0.850
 152 | George Mason         |   1 | 2.055 | 1.279 | 0.622 | 1.234
 153 | Northwestern         |   1 | 2.045 | 1.661 | 0.812 | 1.271
 154 | Cal St. Chico        |   2 | 2.035 | 1.359 | 0.668 | 1.171
 155 | Macalester           |   3 | 2.030 | 1.366 | 0.673 | 1.056
 156 | Drury                |   2 | 2.022 | 1.209 | 0.598 | 1.081
 157 | Lynchburg            |   3 | 2.021 | 1.252 | 0.620 | 1.134
 158 | Elizabethtown        |   3 | 2.006 | 1.458 | 0.727 | 0.971
 159 | Wake Forest          |   1 | 2.000 | 1.259 | 0.630 | 1.516
 160 | Florida Tech         |   2 | 2.000 | 1.792 | 0.896 | 1.283
 161 | Gannon               |   2 | 1.998 | 1.853 | 0.928 | 1.058
 162 | Lewis                |   2 | 1.990 | 1.594 | 0.801 | 1.079
 163 | Wartburg             |   3 | 1.989 | 1.610 | 0.809 | 1.138
 164 | Stetson              |   1 | 1.987 | 1.238 | 0.623 | 1.036
 165 | Marshall             |   1 | 1.983 | 1.452 | 0.732 | 1.125
 166 | Green Bay            |   1 | 1.983 | 1.727 | 0.871 | 1.142
 167 | Dubuque              |   3 | 1.967 | 1.461 | 0.743 | 0.958
 168 | East Stroudsburg     |   2 | 1.961 | 1.219 | 0.621 | 1.066
 169 | New Mexico           |   1 | 1.957 | 1.006 | 0.514 | 1.231
 170 | Slippery Rock        |   2 | 1.949 | 1.323 | 0.679 | 1.119
 171 | Hamilton             |   3 | 1.946 | 1.579 | 0.811 | 1.091
 172 | Southwestern (TX)    |   3 | 1.934 | 1.477 | 0.764 | 1.076
 173 | DeSales              |   3 | 1.922 | 1.162 | 0.604 | 0.937
 174 | Gust. Adolphus       |   3 | 1.921 | 1.154 | 0.600 | 1.000
 175 | Providence           |   1 | 1.916 | 1.160 | 0.606 | 1.337
 176 | St. Marys (CA)       |   1 | 1.906 | 1.052 | 0.552 | 1.217
 177 | Ashland              |   2 | 1.899 | 1.584 | 0.834 | 1.059
 178 | Lees-McRae           |   2 | 1.891 | 1.493 | 0.790 | 0.991
 179 | Santa Clara          |   1 | 1.891 | 1.563 | 0.827 | 1.210
 180 | California (PA)      |   2 | 1.890 | 1.237 | 0.654 | 1.036
 181 | Northern Ill.        |   1 | 1.874 | 0.895 | 0.478 | 1.083
 182 | North Carolina St.   |   1 | 1.866 | 1.715 | 0.919 | 1.282
 183 | Stanford             |   1 | 1.855 | 1.145 | 0.617 | 1.325
 184 | Clemson              |   1 | 1.853 | 1.278 | 0.689 | 1.373
 185 | Limestone            |   2 | 1.853 | 1.956 | 1.056 | 0.988
 186 | Navy                 |   1 | 1.850 | 1.166 | 0.630 | 0.962
 187 | Nichols              |   3 | 1.848 | 1.118 | 0.605 | 0.742
 188 | Hope                 |   3 | 1.841 | 1.314 | 0.714 | 1.035
 189 | Merchant Marine      |   3 | 1.837 | 1.070 | 0.583 | 1.087
 190 | West Fla.            |   2 | 1.826 | 1.517 | 0.831 | 1.153
 191 | Wesleyan (CT)        |   3 | 1.821 | 1.327 | 0.729 | 1.310
 192 | Union (NY)           |   3 | 1.818 | 1.465 | 0.806 | 1.003
 193 | Bridgeport           |   2 | 1.815 | 1.520 | 0.838 | 1.167
 194 | Merrimack            |   2 | 1.794 | 1.815 | 1.012 | 1.232
 195 | Clarke               |   3 | 1.793 | 1.271 | 0.709 | 1.326
 196 | Seattle Pacific      |   2 | 1.787 | 1.351 | 0.756 | 1.101
 197 | UC San Diego         |   2 | 1.784 | 1.193 | 0.669 | 1.143
 198 | Drew                 |   3 | 1.779 | 1.423 | 0.800 | 0.903
 199 | Tex. A&M Intl        |   2 | 1.779 | 1.134 | 0.638 | 1.295
 200 | Lincoln Memorial     |   2 | 1.776 | 1.092 | 0.615 | 1.088
 201 | Ouachita Baptist     |   2 | 1.761 | 1.515 | 0.860 | 0.951
 202 | St. Francis (PA)     |   1 | 1.754 | 1.522 | 0.868 | 1.030
 203 | Sonoma St.           |   2 | 1.753 | 1.657 | 0.945 | 1.138
 204 | Valparaiso           |   1 | 1.750 | 1.051 | 0.600 | 1.153
 205 | Whitworth            |   3 | 1.743 | 0.973 | 0.558 | 0.974
 206 | Cal St. Stanislaus   |   2 | 1.736 | 1.352 | 0.778 | 1.090
 207 | Sacramento St.       |   1 | 1.735 | 1.053 | 0.607 | 1.271
 208 | Dartmouth            |   1 | 1.724 | 1.551 | 0.900 | 1.266
 209 | Western Wash.        |   2 | 1.707 | 1.931 | 1.131 | 1.035
 210 | Portland             |   1 | 1.700 | 1.534 | 0.902 | 1.203
 211 | SIU Edwardsville     |   1 | 1.692 | 1.135 | 0.671 | 1.137
 212 | Mars Hill            |   2 | 1.688 | 1.278 | 0.757 | 1.032
 213 | Western New Eng.     |   3 | 1.682 | 1.267 | 0.754 | 0.836
 214 | Wis.-Superior        |   3 | 1.679 | 1.211 | 0.721 | 0.987
 215 | San Diego            |   1 | 1.674 | 1.350 | 0.806 | 1.149
 216 | Claremont-M-S        |   3 | 1.673 | 1.049 | 0.627 | 0.848
 217 | Evansville           |   1 | 1.671 | 1.384 | 0.828 | 1.158
 218 | Cal Poly Pomona      |   2 | 1.655 | 1.618 | 0.978 | 1.148
 219 | Carson-Newman        |   2 | 1.644 | 1.609 | 0.979 | 1.100
 220 | Nazareth             |   3 | 1.640 | 1.538 | 0.938 | 1.157
 221 | St. Edwards          |   2 | 1.633 | 1.175 | 0.719 | 1.239
 222 | Mississippi Col.     |   3 | 1.629 | 1.141 | 0.701 | 0.878
 223 | Fla. Southern        |   2 | 1.627 | 1.453 | 0.893 | 1.186
 224 | Harvard              |   1 | 1.621 | 1.147 | 0.708 | 1.321
 225 | Luther               |   3 | 1.618 | 1.261 | 0.779 | 1.069
 226 | West Va. Wesleyan    |   2 | 1.615 | 0.861 | 0.533 | 1.061
 227 | Drexel               |   1 | 1.615 | 1.461 | 0.905 | 1.192
 228 | Shippensburg         |   2 | 1.608 | 1.715 | 1.067 | 1.103
 229 | Philadelphia U.      |   2 | 1.602 | 1.185 | 0.740 | 1.010
 230 | UMBC                 |   1 | 1.599 | 1.502 | 0.939 | 1.096
 231 | Villanova            |   1 | 1.578 | 0.979 | 0.621 | 1.239
 232 | Manhattanville       |   3 | 1.578 | 1.506 | 0.954 | 0.913
 233 | Northeastern         |   1 | 1.577 | 1.207 | 0.765 | 1.230
 234 | Rockhurst            |   2 | 1.573 | 1.194 | 0.759 | 1.109
 235 | Loyola Maryland      |   1 | 1.569 | 1.245 | 0.793 | 1.020
 236 | Carthage             |   3 | 1.567 | 1.128 | 0.720 | 1.177
 237 | Cal Poly             |   1 | 1.564 | 1.320 | 0.844 | 1.359
 238 | Baldwin-Wallace      |   3 | 1.563 | 1.352 | 0.865 | 0.951
 239 | Mercer               |   1 | 1.562 | 1.186 | 0.759 | 1.028
 240 | Lenoir-Rhyne         |   2 | 1.561 | 1.658 | 1.062 | 1.065
 241 | Cal St. L.A.         |   2 | 1.556 | 1.100 | 0.707 | 1.136
 242 | East Tenn. St.       |   1 | 1.547 | 1.121 | 0.725 | 1.113
 243 | Elmhurst             |   3 | 1.543 | 1.370 | 0.888 | 1.108
 244 | Rhode Island Col.    |   3 | 1.542 | 1.264 | 0.820 | 0.926
 245 | St. Louis            |   1 | 1.538 | 1.165 | 0.757 | 1.075
 246 | Lynn                 |   2 | 1.531 | 1.481 | 0.967 | 1.286
 247 | Aurora               |   3 | 1.530 | 1.414 | 0.924 | 0.908
 248 | Drake                |   1 | 1.513 | 1.236 | 0.817 | 1.224
 249 | Trinity (CT)         |   3 | 1.508 | 0.898 | 0.595 | 1.196
 250 | Texas-Dallas         |   3 | 1.508 | 0.901 | 0.597 | 0.926
 251 | TCNJ                 |   3 | 1.507 | 1.414 | 0.938 | 1.275
 252 | Pacific Lutheran     |   3 | 1.504 | 1.580 | 1.051 | 0.965
 253 | Connecticut Col.     |   3 | 1.499 | 1.286 | 0.858 | 1.139
 254 | Hawaii Pacific       |   2 | 1.499 | 1.252 | 0.835 | 0.852
 255 | Adelphi              |   1 | 1.495 | 0.867 | 0.580 | 0.960
 256 | Oneonta St.          |   3 | 1.489 | 0.988 | 0.664 | 1.041
 257 | Davidson             |   1 | 1.489 | 1.180 | 0.792 | 1.172
 258 | C.W. Post            |   2 | 1.487 | 1.602 | 1.077 | 1.242
 259 | Kentucky             |   1 | 1.486 | 0.971 | 0.653 | 1.351
 260 | Grove City           |   3 | 1.484 | 1.064 | 0.717 | 0.851
 261 | Lander               |   2 | 1.482 | 1.261 | 0.851 | 1.099
 262 | Towson               |   1 | 1.472 | 1.861 | 1.264 | 1.146
 263 | Post                 |   2 | 1.469 | 1.120 | 0.763 | 1.046
 264 | Capital              |   3 | 1.467 | 1.332 | 0.908 | 1.001
 265 | Maryville (TN)       |   3 | 1.460 | 1.233 | 0.844 | 0.925
 266 | UMKC                 |   1 | 1.456 | 1.048 | 0.720 | 1.007
 267 | Siena                |   1 | 1.451 | 1.843 | 1.270 | 0.877
 268 | Concordia-Mhead      |   3 | 1.450 | 1.631 | 1.125 | 1.047
 269 | American Intl        |   2 | 1.448 | 1.262 | 0.872 | 1.210
 270 | Mesa St.             |   2 | 1.440 | 1.033 | 0.717 | 1.054
 271 | Erskine              |   2 | 1.437 | 0.963 | 0.670 | 0.947
 272 | Thomas More          |   3 | 1.432 | 1.042 | 0.727 | 0.828
 273 | Vassar               |   3 | 1.431 | 1.151 | 0.804 | 1.014
 274 | Rochester Inst.      |   3 | 1.418 | 0.989 | 0.698 | 0.990
 275 | Appalachian St.      |   1 | 1.417 | 1.010 | 0.712 | 1.228
 276 | Bridgewater St.      |   3 | 1.414 | 1.609 | 1.138 | 0.924
 277 | Susquehanna          |   3 | 1.412 | 0.962 | 0.681 | 0.943
 278 | Lehigh               |   1 | 1.410 | 0.852 | 0.604 | 1.120
 279 | Colgate              |   1 | 1.409 | 0.867 | 0.615 | 1.072
 280 | Belmont Abbey        |   2 | 1.408 | 1.284 | 0.912 | 0.982
 281 | Centre               |   3 | 1.405 | 1.249 | 0.889 | 0.949
 282 | Ill.-Chicago         |   1 | 1.404 | 1.070 | 0.762 | 1.165
 283 | American             |   1 | 1.402 | 0.996 | 0.710 | 1.154
 284 | Rutgers-Camden       |   3 | 1.397 | 1.319 | 0.944 | 1.182
 285 | Dayton               |   1 | 1.395 | 0.991 | 0.710 | 0.994
 286 | North Ga.            |   2 | 1.387 | 0.988 | 0.712 | 1.184
 287 | Assumption           |   2 | 1.370 | 1.265 | 0.923 | 1.201
 288 | Transylvania         |   3 | 1.351 | 1.224 | 0.906 | 0.795
 289 | Coastal Caro.        |   1 | 1.349 | 0.979 | 0.726 | 1.076
 290 | Va. Wesleyan         |   3 | 1.344 | 1.015 | 0.755 | 0.929
 291 | Massachusetts        |   1 | 1.339 | 0.992 | 0.741 | 1.125
 292 | SUNY Geneseo         |   3 | 1.332 | 1.470 | 1.104 | 1.048
 293 | Liberty              |   1 | 1.332 | 1.077 | 0.808 | 0.991
 294 | Haverford            |   3 | 1.326 | 1.085 | 0.818 | 1.032
 295 | Neumann              |   3 | 1.319 | 1.398 | 1.060 | 0.740
 296 | Stonehill            |   2 | 1.319 | 1.090 | 0.827 | 1.206
 297 | Duquesne             |   1 | 1.310 | 1.010 | 0.771 | 1.031
 298 | Fordham              |   1 | 1.301 | 0.855 | 0.657 | 0.993
 299 | MIT                  |   3 | 1.293 | 0.871 | 0.674 | 0.858
 300 | Concordia (WI)       |   3 | 1.291 | 1.103 | 0.854 | 0.855
 301 | Northwood (MI)       |   2 | 1.277 | 1.051 | 0.823 | 0.955
 302 | Bucknell             |   1 | 1.272 | 1.404 | 1.103 | 1.171
 303 | San Jose St.         |   1 | 1.269 | 1.010 | 0.796 | 1.122
 304 | Penn St.-Behrend     |   3 | 1.265 | 1.142 | 0.902 | 0.675
 305 | West Chester         |   2 | 1.260 | 1.153 | 0.914 | 1.012
 306 | St. Peters           |   1 | 1.256 | 1.013 | 0.807 | 0.937
 307 | Furman               |   1 | 1.252 | 0.827 | 0.661 | 1.170
 308 | New Hampshire        |   1 | 1.250 | 0.589 | 0.471 | 1.043
 309 | St. Thomas (MN)      |   3 | 1.245 | 1.149 | 0.923 | 1.059
 310 | Seton Hall           |   1 | 1.244 | 1.645 | 1.322 | 1.397
 311 | Eastern N.M.         |   2 | 1.244 | 1.492 | 1.199 | 1.169
 312 | Vermont              |   1 | 1.243 | 1.006 | 0.810 | 1.079
 313 | Arcadia              |   3 | 1.236 | 1.129 | 0.913 | 0.972
 314 | Eckerd               |   2 | 1.236 | 1.170 | 0.947 | 1.318
 315 | Texas Lutheran       |   3 | 1.236 | 1.472 | 1.191 | 0.931
 316 | Westfield St.        |   3 | 1.235 | 1.227 | 0.994 | 0.864
 317 | Wisconsin            |   1 | 1.234 | 1.101 | 0.893 | 1.365
 318 | Medaille             |   3 | 1.233 | 1.131 | 0.918 | 0.754
 319 | IUPUI                |   1 | 1.231 | 1.056 | 0.858 | 1.005
 320 | Utica                |   3 | 1.228 | 1.720 | 1.401 | 0.935
 321 | Campbell             |   1 | 1.227 | 1.157 | 0.943 | 1.140
 322 | Kean                 |   3 | 1.226 | 1.085 | 0.885 | 1.182
 323 | Sacred Heart         |   1 | 1.225 | 1.074 | 0.876 | 1.007
 324 | Hardin-Simmons       |   3 | 1.223 | 1.138 | 0.931 | 0.934
 325 | FIU                  |   1 | 1.220 | 1.034 | 0.847 | 1.217
 326 | Marquette            |   1 | 1.220 | 1.111 | 0.911 | 1.303
 327 | Trine                |   3 | 1.219 | 1.271 | 1.043 | 0.882
 328 | Mount Union          |   3 | 1.210 | 1.063 | 0.879 | 0.955
 329 | Mercy                |   2 | 1.206 | 1.182 | 0.980 | 1.013
 330 | Framingham St.       |   3 | 1.205 | 1.417 | 1.176 | 0.947
 331 | John Carroll         |   3 | 1.203 | 1.228 | 1.020 | 0.994
 332 | UNLV                 |   1 | 1.200 | 1.125 | 0.937 | 1.200
 333 | New Haven            |   2 | 1.200 | 0.986 | 0.822 | 1.179
 334 | Detroit              |   1 | 1.192 | 1.299 | 1.089 | 1.132
 335 | Stony Brook          |   1 | 1.191 | 1.026 | 0.862 | 1.053
 336 | Denison              |   3 | 1.190 | 1.231 | 1.035 | 1.117
 337 | Indianapolis         |   2 | 1.189 | 1.083 | 0.911 | 1.113
 338 | Georgia St.          |   1 | 1.184 | 1.138 | 0.961 | 1.126
 339 | Keene St.            |   3 | 1.184 | 1.230 | 1.039 | 0.986
 340 | Milwaukee            |   1 | 1.183 | 0.916 | 0.774 | 1.157
 341 | Loyola (IL)          |   1 | 1.178 | 0.842 | 0.715 | 1.243
 342 | Mary Washington      |   3 | 1.178 | 0.997 | 0.846 | 1.064
 343 | Columbia             |   1 | 1.175 | 1.076 | 0.915 | 1.120
 344 | San Fran. St.        |   2 | 1.174 | 0.985 | 0.839 | 1.089
 345 | Catholic             |   3 | 1.174 | 0.946 | 0.806 | 0.985
 346 | Salem St.            |   3 | 1.173 | 0.924 | 0.787 | 0.940
 347 | NYIT                 |   2 | 1.156 | 1.188 | 1.028 | 1.164
 348 | Bradley              |   1 | 1.156 | 1.232 | 1.066 | 1.138
 349 | Shepherd             |   2 | 1.152 | 0.853 | 0.740 | 0.877
 350 | Chapman              |   3 | 1.151 | 0.766 | 0.666 | 0.979
 351 | St. Bonaventure      |   1 | 1.149 | 1.109 | 0.965 | 1.010
 352 | New Paltz St.        |   3 | 1.148 | 0.878 | 0.764 | 1.060
 353 | Binghamton           |   1 | 1.145 | 1.032 | 0.901 | 1.139
 354 | Fredonia St.         |   3 | 1.144 | 1.197 | 1.047 | 1.116
 355 | Lipscomb             |   1 | 1.143 | 1.364 | 1.193 | 1.064
 356 | UC Davis             |   1 | 1.140 | 1.053 | 0.924 | 1.222
 357 | Salve Regina         |   3 | 1.135 | 1.215 | 1.070 | 0.781
 358 | Wash. & Jeff.        |   3 | 1.132 | 1.034 | 0.913 | 0.775
 359 | Jacksonville         |   1 | 1.127 | 1.254 | 1.113 | 1.050
 360 | Radford              |   1 | 1.120 | 1.274 | 1.137 | 1.044
 361 | Oregon St.           |   1 | 1.109 | 1.367 | 1.233 | 1.326
 362 | Xavier               |   1 | 1.108 | 0.699 | 0.631 | 1.069
 363 | Hampden-Sydney       |   3 | 1.106 | 1.183 | 1.070 | 0.921
 364 | Colby                |   3 | 1.106 | 1.020 | 0.923 | 1.130
 365 | Lafayette            |   1 | 1.106 | 1.032 | 0.933 | 1.078
 366 | Eastern              |   3 | 1.102 | 0.767 | 0.696 | 0.893
 367 | St. Michaels         |   2 | 1.101 | 1.062 | 0.964 | 1.187
 368 | Lock Haven           |   2 | 1.092 | 1.255 | 1.149 | 1.124
 369 | Stevenson            |   3 | 1.089 | 1.243 | 1.141 | 0.925
 370 | Puget Sound          |   3 | 1.083 | 0.915 | 0.845 | 0.907
 371 | Whittier             |   3 | 1.080 | 0.878 | 0.813 | 0.835
 372 | Olivet               |   3 | 1.075 | 0.993 | 0.923 | 0.969
 373 | Averett              |   3 | 1.075 | 1.169 | 1.088 | 0.820
 374 | UC-Colo. Springs     |   2 | 1.069 | 1.143 | 1.070 | 1.131
 375 | Tufts                |   3 | 1.068 | 0.825 | 0.772 | 1.177
 376 | Western Mich.        |   1 | 1.066 | 1.274 | 1.194 | 1.106
 377 | Temple               |   1 | 1.057 | 0.900 | 0.851 | 0.958
 378 | Springfield          |   3 | 1.054 | 1.158 | 1.098 | 0.963
 379 | Kalamazoo            |   3 | 1.048 | 0.853 | 0.814 | 1.019
 380 | Elmira               |   3 | 1.046 | 1.108 | 1.059 | 0.842
 381 | DePaul               |   1 | 1.044 | 0.936 | 0.896 | 1.291
 382 | Mo.-St. Louis        |   2 | 1.042 | 1.093 | 1.049 | 1.072
 383 | Schreiner            |   3 | 1.038 | 0.861 | 0.829 | 0.910
 384 | Delaware             |   1 | 1.038 | 0.987 | 0.951 | 1.208
 385 | UC Riverside         |   1 | 1.035 | 1.113 | 1.075 | 1.225
 386 | Rutgers-Newark       |   3 | 1.029 | 1.147 | 1.115 | 0.957
 387 | Adrian               |   3 | 1.026 | 0.983 | 0.957 | 1.072
 388 | Robert Morris        |   1 | 1.019 | 0.910 | 0.893 | 0.951
 389 | LeTourneau           |   3 | 1.016 | 0.988 | 0.972 | 0.851
 390 | St. Francis (NY)     |   1 | 1.009 | 1.052 | 1.043 | 0.956
 391 | Whitman              |   3 | 1.007 | 1.065 | 1.058 | 0.939
 392 | Coe                  |   3 | 1.002 | 0.802 | 0.800 | 0.876
 393 | Clarkson             |   3 | 1.000 | 0.942 | 0.942 | 1.183
 394 | Pittsburgh           |   1 | 0.995 | 0.884 | 0.888 | 1.090
 395 | Wis.-Parkside        |   2 | 0.986 | 1.244 | 1.262 | 1.058
 396 | Texas Wesleyan       |   2 | 0.986 | 1.374 | 1.393 | 1.158
 397 | Oakland              |   1 | 0.983 | 0.819 | 0.833 | 1.239
 398 | Northeastern St.     |   2 | 0.981 | 1.372 | 1.399 | 1.253
 399 | St. Martins          |   2 | 0.981 | 1.206 | 1.229 | 1.123
 400 | Skidmore             |   3 | 0.974 | 0.997 | 1.024 | 0.957
 401 | Southern Ind.        |   2 | 0.974 | 1.198 | 1.229 | 1.032
 402 | Palm Beach Atl.      |   2 | 0.973 | 1.085 | 1.115 | 1.120
 403 | Gettysburg           |   3 | 0.965 | 1.121 | 1.162 | 1.199
 404 | Mont. St. Billings   |   2 | 0.962 | 0.938 | 0.975 | 0.864
 405 | Wabash               |   3 | 0.961 | 0.975 | 1.014 | 1.082
 406 | Cal St. Fullerton    |   1 | 0.960 | 1.242 | 1.294 | 1.341
 407 | Iona                 |   1 | 0.957 | 0.922 | 0.963 | 0.916
 408 | Mass.-Dartmouth      |   3 | 0.956 | 1.118 | 1.169 | 0.836
 409 | Air Force            |   1 | 0.951 | 1.038 | 1.092 | 1.220
 410 | Birmingham-So.       |   3 | 0.951 | 1.071 | 1.126 | 0.964
 411 | Christian Bros.      |   2 | 0.948 | 0.852 | 0.899 | 1.078
 412 | San Francisco        |   1 | 0.945 | 0.889 | 0.941 | 1.250
 413 | Western Ill.         |   1 | 0.939 | 0.818 | 0.872 | 1.109
 414 | Wofford              |   1 | 0.939 | 1.004 | 1.069 | 1.163
 415 | Pitt.-Johnstown      |   2 | 0.928 | 1.233 | 1.328 | 0.807
 416 | Rose-Hulman          |   3 | 0.928 | 1.094 | 1.179 | 0.859
 417 | Oglethorpe           |   3 | 0.926 | 0.890 | 0.962 | 0.982
 418 | Misericordia         |   3 | 0.918 | 0.999 | 1.089 | 0.873
 419 | Francis Marion       |   2 | 0.916 | 0.920 | 1.004 | 1.063
 420 | Howard Payne         |   3 | 0.914 | 1.093 | 1.196 | 0.884
 421 | Allegheny            |   3 | 0.911 | 0.784 | 0.860 | 1.033
 422 | Lesley               |   3 | 0.907 | 0.793 | 0.874 | 0.528
 423 | Caldwell             |   2 | 0.906 | 1.050 | 1.158 | 1.039
 424 | Holy Cross           |   1 | 0.902 | 0.928 | 1.028 | 1.179
 425 | St. Olaf             |   3 | 0.899 | 1.079 | 1.201 | 1.078
 426 | Nyack                |   2 | 0.897 | 1.094 | 1.219 | 1.063
 427 | Methodist            |   3 | 0.895 | 1.071 | 1.197 | 0.890
 428 | UNC Pembroke         |   2 | 0.894 | 0.966 | 1.080 | 0.973
 429 | Cal St. Northridge   |   1 | 0.892 | 0.920 | 1.031 | 1.293
 430 | Alvernia             |   3 | 0.890 | 0.792 | 0.889 | 0.822
 431 | Gonzaga              |   1 | 0.888 | 0.958 | 1.079 | 1.262
 432 | Memphis              |   1 | 0.884 | 0.985 | 1.114 | 1.144
 433 | Cleveland St.        |   1 | 0.883 | 0.869 | 0.984 | 1.197
 434 | SUNY Cortland        |   3 | 0.878 | 0.966 | 1.100 | 1.036
 435 | St. Johns (MN)       |   3 | 0.878 | 0.766 | 0.873 | 1.044
 436 | Felician             |   2 | 0.872 | 1.015 | 1.164 | 1.063
 437 | Randolph             |   3 | 0.863 | 1.101 | 1.277 | 0.918
 438 | Oral Roberts         |   1 | 0.862 | 1.158 | 1.343 | 1.035
 439 | Linfield             |   3 | 0.860 | 1.095 | 1.273 | 0.945
 440 | Delta St.            |   2 | 0.857 | 1.058 | 1.235 | 1.038
 441 | Bowling Green        |   1 | 0.856 | 0.788 | 0.920 | 1.157
 442 | Hofstra              |   1 | 0.850 | 0.664 | 0.781 | 1.260
 443 | Virginia Tech        |   1 | 0.848 | 1.131 | 1.334 | 1.267
 444 | Coast Guard          |   3 | 0.847 | 0.578 | 0.682 | 1.014
 445 | Kings (PA)           |   3 | 0.845 | 0.925 | 1.094 | 0.749
 446 | New Jersey City      |   3 | 0.844 | 1.165 | 1.381 | 0.986
 447 | Fairleigh Dickinson  |   1 | 0.842 | 0.781 | 0.927 | 1.021
 448 | St. Josephs (IN)     |   2 | 0.841 | 0.717 | 0.852 | 1.042
 449 | Upper Iowa           |   2 | 0.839 | 0.850 | 1.013 | 0.966
 450 | Marymount (VA)       |   3 | 0.837 | 0.912 | 1.088 | 0.756
 451 | Carroll (WI)         |   3 | 0.834 | 0.870 | 1.044 | 0.844
 452 | Ithaca               |   3 | 0.832 | 0.522 | 0.628 | 1.184
 453 | Castleton            |   3 | 0.827 | 1.016 | 1.228 | 0.758
 454 | Northwest Nazarene   |   2 | 0.826 | 1.335 | 1.615 | 0.979
 455 | Clark (MA)           |   3 | 0.826 | 1.156 | 1.399 | 0.938
 456 | Ga. Southern         |   1 | 0.826 | 0.967 | 1.171 | 1.099
 457 | Bloomsburg           |   2 | 0.824 | 0.979 | 1.188 | 1.137
 458 | Seattle              |   1 | 0.820 | 0.672 | 0.819 | 1.227
 459 | Buffalo              |   1 | 0.819 | 0.937 | 1.143 | 1.175
 460 | Colorado St.-Pueblo  |   2 | 0.815 | 0.962 | 1.180 | 1.086
 461 | Bates                |   3 | 0.814 | 0.953 | 1.171 | 1.152
 462 | Houston Baptist      |   1 | 0.811 | 0.871 | 1.073 | 0.958
 463 | Minn.-Morris         |   3 | 0.805 | 0.760 | 0.944 | 0.737
 464 | Ala.-Huntsville      |   2 | 0.801 | 1.060 | 1.324 | 1.124
 465 | Hawaii Hilo          |   2 | 0.800 | 1.089 | 1.361 | 0.887
 466 | Augustana (IL)       |   3 | 0.797 | 0.929 | 1.166 | 0.961
 467 | Coker                |   2 | 0.795 | 0.822 | 1.034 | 0.960
 468 | Marist               |   1 | 0.793 | 1.211 | 1.527 | 0.900
 469 | King (TN)            |   2 | 0.792 | 0.717 | 0.905 | 1.069
 470 | Molloy               |   2 | 0.787 | 1.104 | 1.403 | 1.205
 471 | La Salle             |   1 | 0.782 | 1.047 | 1.339 | 1.011
 472 | Rowan                |   3 | 0.779 | 0.959 | 1.231 | 1.128
 473 | Guilford             |   3 | 0.778 | 1.091 | 1.402 | 0.771
 474 | Wilmington (DE)      |   2 | 0.774 | 0.856 | 1.107 | 1.084
 475 | Ripon                |   3 | 0.774 | 0.881 | 1.138 | 0.836
 476 | Catawba              |   2 | 0.767 | 0.922 | 1.202 | 0.897
 477 | Fla. Atlantic        |   1 | 0.761 | 0.695 | 0.914 | 1.175
 478 | St. Anselm           |   2 | 0.758 | 0.684 | 0.903 | 1.244
 479 | Ill. Wesleyan        |   3 | 0.757 | 0.818 | 1.081 | 1.039
 480 | Saginaw Valley       |   2 | 0.755 | 0.829 | 1.097 | 0.963
 481 | Oberlin              |   3 | 0.754 | 0.878 | 1.164 | 1.046
 482 | Pfeiffer             |   2 | 0.753 | 0.703 | 0.934 | 0.975
 483 | Franklin             |   3 | 0.752 | 0.863 | 1.148 | 0.696
 484 | Rhodes               |   3 | 0.747 | 0.830 | 1.111 | 0.980
 485 | FDU-Florham          |   3 | 0.746 | 0.823 | 1.102 | 0.966
 486 | Scranton             |   3 | 0.745 | 0.826 | 1.109 | 0.955
 487 | Marywood             |   3 | 0.745 | 0.815 | 1.094 | 0.695
 488 | Anderson (IN)        |   3 | 0.740 | 0.750 | 1.012 | 0.824
 489 | Richmond             |   1 | 0.738 | 0.839 | 1.137 | 1.141
 490 | Milwaukee Engr.      |   3 | 0.737 | 1.109 | 1.504 | 0.835
 491 | Hamline              |   3 | 0.732 | 0.826 | 1.128 | 0.987
 492 | Rutgers              |   1 | 0.731 | 0.783 | 1.071 | 1.101
 493 | Queens (NY)          |   2 | 0.731 | 0.856 | 1.170 | 1.112
 494 | Lake Forest          |   3 | 0.730 | 0.933 | 1.278 | 0.675
 495 | Earlham              |   3 | 0.730 | 0.818 | 1.121 | 0.846
 496 | Quinnipiac           |   1 | 0.727 | 0.849 | 1.168 | 1.014
 497 | Newman               |   2 | 0.724 | 0.767 | 1.058 | 1.188
 498 | Fairfield            |   1 | 0.717 | 0.700 | 0.977 | 0.922
 499 | SUNYIT               |   3 | 0.716 | 0.781 | 1.091 | 0.693
 500 | Mt. St. Marys        |   1 | 0.713 | 1.019 | 1.430 | 0.950
 501 | Mass.-Lowell         |   2 | 0.712 | 0.866 | 1.217 | 1.305
 502 | Gardner-Webb         |   1 | 0.710 | 0.913 | 1.285 | 0.999
 503 | Humboldt St.         |   2 | 0.708 | 0.748 | 1.057 | 1.149
 504 | Central Conn. St.    |   1 | 0.708 | 0.750 | 1.060 | 1.004
 505 | Wilmington (OH)      |   3 | 0.704 | 0.769 | 1.094 | 1.013
 506 | Holy Family          |   2 | 0.703 | 0.930 | 1.322 | 0.994
 507 | Muskingum            |   3 | 0.699 | 0.875 | 1.251 | 0.943
 508 | Albertus Magnus      |   3 | 0.697 | 0.755 | 1.084 | 0.648
 509 | Hendrix              |   3 | 0.694 | 1.136 | 1.636 | 0.868
 510 | Wright St.           |   1 | 0.692 | 0.878 | 1.268 | 1.116
 511 | Lebanon Valley       |   3 | 0.688 | 0.885 | 1.286 | 0.942
 512 | Niagara              |   1 | 0.683 | 1.091 | 1.597 | 0.914
 513 | Austin               |   3 | 0.682 | 1.183 | 1.734 | 0.995
 514 | Oakland City         |   2 | 0.679 | 0.889 | 1.308 | 0.731
 515 | Eastern Ill.         |   1 | 0.679 | 0.553 | 0.814 | 1.100
 516 | St. Norbert          |   3 | 0.678 | 0.902 | 1.329 | 0.881
 517 | Morningside          |   2 | 0.676 | 0.785 | 1.161 | 0.760
 518 | North Central (IL)   |   3 | 0.673 | 0.821 | 1.220 | 0.954
 519 | Hiram                |   3 | 0.667 | 1.070 | 1.606 | 1.037
 520 | Long Island          |   1 | 0.663 | 0.871 | 1.314 | 1.016
 521 | Hartford             |   1 | 0.662 | 0.705 | 1.066 | 1.073
 522 | Roger Williams       |   3 | 0.658 | 0.889 | 1.351 | 0.829
 523 | Lycoming             |   3 | 0.656 | 0.803 | 1.225 | 0.959
 524 | Belmont              |   1 | 0.653 | 1.150 | 1.762 | 1.035
 525 | Wheeling Jesuit      |   2 | 0.652 | 0.732 | 1.123 | 0.970
 526 | Lasell               |   3 | 0.651 | 0.872 | 1.340 | 0.736
 527 | Lawrence             |   3 | 0.645 | 0.827 | 1.281 | 0.825
 528 | Greenville           |   3 | 0.644 | 0.764 | 1.186 | 0.610
 529 | Yale                 |   1 | 0.643 | 0.616 | 0.958 | 1.204
 530 | Westminster (MO)     |   3 | 0.642 | 0.737 | 1.148 | 0.589
 531 | Lyndon St.           |   3 | 0.640 | 0.856 | 1.337 | 0.676
 532 | Cornell              |   1 | 0.636 | 0.733 | 1.153 | 1.000
 533 | Colorado Col.        |   3 | 0.632 | 0.734 | 1.162 | 0.981
 534 | Wash. & Lee          |   3 | 0.619 | 0.640 | 1.035 | 0.855
 535 | Chestnut Hill        |   2 | 0.619 | 0.787 | 1.271 | 0.963
 536 | WPI                  |   3 | 0.618 | 0.842 | 1.363 | 0.859
 537 | Thomas (ME)          |   3 | 0.618 | 0.874 | 1.415 | 0.753
 538 | Daniel Webster       |   3 | 0.613 | 0.672 | 1.097 | 0.618
 539 | Mass. Liberal Arts   |   3 | 0.610 | 0.731 | 1.198 | 0.780
 540 | Army                 |   1 | 0.609 | 0.671 | 1.102 | 0.956
 541 | Winthrop             |   1 | 0.609 | 0.927 | 1.521 | 1.002
 542 | Albany (NY)          |   1 | 0.603 | 0.702 | 1.164 | 1.055
 543 | Davis & Elkins       |   2 | 0.601 | 0.789 | 1.312 | 0.915
 544 | La Verne             |   3 | 0.600 | 0.862 | 1.436 | 0.841
 545 | Wesley               |   3 | 0.597 | 0.756 | 1.266 | 0.913
 546 | Queens (NC)          |   2 | 0.589 | 0.874 | 1.483 | 0.973
 547 | Wooster              |   3 | 0.586 | 0.911 | 1.554 | 0.911
 548 | Dixie St.            |   2 | 0.585 | 0.773 | 1.320 | 0.939
 549 | Seton Hill           |   2 | 0.585 | 0.595 | 1.016 | 0.910
 550 | Keuka                |   3 | 0.585 | 0.693 | 1.183 | 0.582
 551 | Albright             |   3 | 0.582 | 0.851 | 1.462 | 0.770
 552 | Pomona-Pitzer        |   3 | 0.576 | 0.864 | 1.499 | 0.902
 553 | Millikin             |   3 | 0.575 | 0.929 | 1.616 | 0.989
 554 | Dist. Columbia       |   2 | 0.573 | 0.989 | 1.724 | 0.878
 555 | IPFW                 |   1 | 0.572 | 0.966 | 1.689 | 1.047
 556 | Grinnell             |   3 | 0.568 | 0.714 | 1.258 | 0.789
 557 | Tusculum             |   2 | 0.566 | 0.878 | 1.552 | 1.131
 558 | Rhode Island         |   1 | 0.564 | 0.685 | 1.214 | 1.084
 559 | Norwich              |   3 | 0.555 | 0.812 | 1.464 | 0.713
 560 | Me.-Presque Isle     |   3 | 0.555 | 0.606 | 1.093 | 0.611
 561 | Bethany (WV)         |   3 | 0.554 | 1.011 | 1.825 | 0.870
 562 | Centenary (LA)       |   1 | 0.552 | 0.704 | 1.275 | 0.930
 563 | McDaniel             |   3 | 0.549 | 0.765 | 1.392 | 1.077
 564 | Moravian             |   3 | 0.548 | 0.943 | 1.722 | 1.016
 565 | NJIT                 |   1 | 0.540 | 0.968 | 1.791 | 0.939
 566 | Plymouth St.         |   3 | 0.532 | 0.889 | 1.670 | 1.012
 567 | Neb. Wesleyan        |   3 | 0.531 | 0.864 | 1.627 | 1.026
 568 | St. Marys (MD)       |   3 | 0.525 | 0.669 | 1.274 | 1.085
 569 | Central Ark.         |   1 | 0.521 | 0.652 | 1.252 | 1.034
 570 | St. Josephs (L.I.)   |   3 | 0.518 | 1.046 | 2.019 | 0.689
 571 | Tex. Permian Basin   |   2 | 0.518 | 0.954 | 1.840 | 1.214
 572 | Dallas               |   3 | 0.516 | 0.583 | 1.129 | 0.849
 573 | Old Westbury         |   3 | 0.516 | 0.709 | 1.375 | 0.712
 574 | Barton               |   2 | 0.514 | 0.876 | 1.704 | 0.876
 575 | Webster              |   3 | 0.510 | 0.842 | 1.652 | 0.643
 576 | Sage Colleges        |   3 | 0.502 | 0.743 | 1.480 | 0.630
 577 | St. Marys (TX)       |   2 | 0.494 | 0.583 | 1.181 | 1.291
 578 | Findlay              |   2 | 0.493 | 0.786 | 1.596 | 1.018
 579 | Widener              |   3 | 0.493 | 0.657 | 1.332 | 0.900
 580 | Longwood             |   1 | 0.490 | 0.620 | 1.267 | 0.988
 581 | Syracuse             |   1 | 0.488 | 0.635 | 1.301 | 1.144
 582 | Bethany Lutheran     |   3 | 0.486 | 0.607 | 1.250 | 0.669
 583 | Suffolk              |   3 | 0.486 | 0.871 | 1.793 | 0.675
 584 | Ga. Southwestern     |   2 | 0.486 | 0.643 | 1.323 | 1.206
 585 | Cabrini              |   3 | 0.484 | 0.695 | 1.437 | 0.782
 586 | Beloit               |   3 | 0.477 | 0.838 | 1.759 | 0.686
 587 | SUNY Maritime        |   3 | 0.477 | 0.817 | 1.713 | 0.620
 588 | Frostburg St.        |   3 | 0.477 | 0.560 | 1.174 | 0.819
 589 | Bryant               |   1 | 0.476 | 0.796 | 1.672 | 0.972
 590 | Fontbonne            |   3 | 0.475 | 0.663 | 1.396 | 0.719
 591 | VMI                  |   1 | 0.471 | 0.787 | 1.670 | 1.029
 592 | Hartwick             |   1 | 0.465 | 0.709 | 1.525 | 1.072
 593 | Wentworth Inst.      |   3 | 0.463 | 0.668 | 1.443 | 0.792
 594 | Mass.-Boston         |   3 | 0.458 | 0.832 | 1.816 | 0.790
 595 | Bethel (MN)          |   3 | 0.456 | 0.660 | 1.446 | 0.932
 596 | Northwestern (MN)    |   3 | 0.454 | 0.535 | 1.178 | 0.797
 597 | Menlo                |   3 | 0.450 | 0.844 | 1.876 | 1.221
 598 | Juniata              |   3 | 0.450 | 0.597 | 1.325 | 0.749
 599 | S.C. Aiken           |   2 | 0.450 | 0.571 | 1.269 | 1.123
 600 | Occidental           |   3 | 0.450 | 0.510 | 1.133 | 0.881
 601 | Harding              |   2 | 0.448 | 0.529 | 1.181 | 1.066
 602 | Principia            |   3 | 0.447 | 0.495 | 1.108 | 0.706
 603 | UNC Asheville        |   1 | 0.446 | 0.640 | 1.436 | 0.936
 604 | St. John Fisher      |   3 | 0.445 | 0.685 | 1.539 | 1.090
 605 | Westminster (PA)     |   3 | 0.443 | 0.669 | 1.511 | 0.868
 606 | Simpson              |   3 | 0.440 | 0.716 | 1.628 | 0.916
 607 | Wittenberg           |   3 | 0.435 | 0.444 | 1.020 | 0.950
 608 | Goldey-Beacom        |   2 | 0.432 | 0.743 | 1.720 | 0.934
 609 | Newberry             |   2 | 0.432 | 0.895 | 2.073 | 0.983
 610 | Ohio Valley          |   2 | 0.425 | 0.695 | 1.635 | 0.938
 611 | Piedmont             |   3 | 0.422 | 0.763 | 1.811 | 0.755
 612 | Oswego St.           |   3 | 0.422 | 0.515 | 1.220 | 0.975
 613 | Edgewood             |   3 | 0.421 | 0.664 | 1.578 | 0.745
 614 | Baruch               |   3 | 0.421 | 0.763 | 1.814 | 0.625
 615 | Me.-Farmington       |   3 | 0.420 | 0.578 | 1.376 | 0.673
 616 | Ozarks (AR)          |   3 | 0.418 | 0.623 | 1.490 | 0.867
 617 | Albion               |   3 | 0.418 | 0.611 | 1.464 | 1.074
 618 | Cal St. Monterey Bay |   2 | 0.417 | 0.666 | 1.596 | 1.164
 619 | Willamette           |   3 | 0.416 | 0.458 | 1.101 | 0.999
 620 | Randolph-Macon       |   3 | 0.415 | 0.516 | 1.244 | 0.914
 621 | Mass. Maritime       |   3 | 0.414 | 0.705 | 1.702 | 0.791
 622 | Otterbein            |   3 | 0.413 | 0.471 | 1.139 | 1.050
 623 | Shenandoah           |   3 | 0.412 | 0.577 | 1.399 | 0.843
 624 | BYU-Hawaii           |   2 | 0.411 | 0.769 | 1.872 | 0.960
 625 | Hunter               |   3 | 0.410 | 0.476 | 1.161 | 0.703
 626 | North Greenville     |   2 | 0.406 | 0.655 | 1.615 | 0.752
 627 | North Florida        |   1 | 0.405 | 0.704 | 1.741 | 1.076
 628 | Manchester           |   3 | 0.399 | 0.556 | 1.396 | 0.837
 629 | Presbyterian         |   1 | 0.396 | 0.755 | 1.907 | 0.998
 630 | Emerson              |   3 | 0.394 | 0.809 | 2.055 | 0.586
 631 | Mary                 |   2 | 0.390 | 0.609 | 1.561 | 1.223
 632 | Farmingdale St.      |   3 | 0.389 | 0.499 | 1.283 | 0.622
 633 | Maryville (MO)       |   2 | 0.387 | 0.853 | 2.202 | 1.096
 634 | City Tech            |   3 | 0.382 | 0.697 | 1.826 | 0.585
 635 | S.C. Upstate         |   1 | 0.378 | 0.556 | 1.470 | 0.999
 636 | Washington Adventist |   2 | 0.377 | 0.587 | 1.556 | 0.608
 637 | Buffalo St.          |   3 | 0.370 | 0.796 | 2.152 | 0.990
 638 | Alderson-Broaddus    |   2 | 0.370 | 0.620 | 1.678 | 0.863
 639 | Mount Olive          |   2 | 0.370 | 0.586 | 1.584 | 0.829
 640 | Millsaps             |   3 | 0.368 | 0.533 | 1.450 | 0.845
 641 | Worcester St.        |   3 | 0.367 | 0.459 | 1.250 | 0.911
 642 | Endicott             |   3 | 0.360 | 0.642 | 1.783 | 0.811
 643 | St. Josephs (ME)     |   3 | 0.358 | 0.647 | 1.808 | 0.771
 644 | Alma                 |   3 | 0.357 | 0.491 | 1.376 | 1.123
 645 | Polytechnic (NY)     |   3 | 0.355 | 0.611 | 1.720 | 0.539
 646 | SUNY Potsdam         |   3 | 0.355 | 0.655 | 1.846 | 1.007
 647 | East Tex. Baptist    |   3 | 0.353 | 0.672 | 1.904 | 0.951
 648 | Washington Col.      |   3 | 0.351 | 0.620 | 1.767 | 1.029
 649 | Hood                 |   3 | 0.348 | 0.695 | 2.000 | 0.721
 650 | Wilkes               |   3 | 0.345 | 0.685 | 1.983 | 0.981
 651 | Curry                |   3 | 0.343 | 0.730 | 2.127 | 0.731
 652 | George Washington    |   1 | 0.342 | 0.614 | 1.795 | 0.975
 653 | Canisius             |   1 | 0.341 | 0.495 | 1.452 | 0.913
 654 | Cal Lutheran         |   3 | 0.341 | 0.555 | 1.628 | 0.955
 655 | Centenary (NJ)       |   3 | 0.334 | 0.697 | 2.086 | 0.660
 656 | Western Conn. St.    |   3 | 0.333 | 0.478 | 1.435 | 0.997
 657 | Concordia (TX)       |   3 | 0.332 | 0.718 | 2.161 | 0.880
 658 | Concordia (NY)       |   2 | 0.331 | 0.621 | 1.876 | 1.019
 659 | Southern Me.         |   3 | 0.330 | 0.617 | 1.866 | 0.921
 660 | Southern Vt.         |   3 | 0.328 | 0.682 | 2.083 | 0.659
 661 | St. Marys (MN)       |   3 | 0.326 | 0.577 | 1.768 | 1.011
 662 | Sewanee              |   3 | 0.326 | 0.582 | 1.786 | 1.004
 663 | Morrisville St.      |   3 | 0.322 | 0.648 | 2.013 | 0.546
 664 | Maine Maritime       |   3 | 0.322 | 0.497 | 1.545 | 0.682
 665 | Marian (WI)          |   3 | 0.322 | 0.556 | 1.724 | 0.792
 666 | Wells                |   3 | 0.317 | 0.479 | 1.514 | 0.595
 667 | Penn St.-Altoona     |   3 | 0.316 | 0.632 | 1.998 | 0.620
 668 | Fitchburg St.        |   3 | 0.315 | 0.641 | 2.038 | 0.804
 669 | Concord              |   2 | 0.310 | 0.605 | 1.951 | 0.896
 670 | Johnson St.          |   3 | 0.309 | 0.581 | 1.880 | 0.698
 671 | St. Josephs          |   1 | 0.309 | 0.521 | 1.686 | 1.006
 672 | New England Col.     |   3 | 0.308 | 0.481 | 1.565 | 0.699
 673 | Benedictine (IL)     |   3 | 0.307 | 0.586 | 1.908 | 0.618
 674 | Penn St.-Harrisburg  |   3 | 0.307 | 0.787 | 2.564 | 0.558
 675 | Alfred               |   3 | 0.305 | 0.611 | 2.005 | 0.890
 676 | Colby-Sawyer         |   3 | 0.296 | 0.499 | 1.685 | 0.843
 677 | Brevard              |   2 | 0.294 | 0.661 | 2.250 | 1.100
 678 | Becker               |   3 | 0.292 | 0.596 | 2.040 | 0.626
 679 | Cal St. East Bay     |   2 | 0.292 | 0.481 | 1.647 | 1.175
 680 | Ursinus              |   3 | 0.292 | 0.373 | 1.276 | 1.101
 681 | Martin Luther        |   3 | 0.291 | 0.605 | 2.077 | 0.624
 682 | Keystone             |   3 | 0.289 | 0.713 | 2.463 | 0.601
 683 | Cazenovia            |   3 | 0.284 | 0.615 | 2.167 | 0.839
 684 | Defiance             |   3 | 0.279 | 0.486 | 1.738 | 0.761
 685 | St. Rose             |   2 | 0.278 | 0.526 | 1.892 | 1.204
 686 | Pitt.-Bradford       |   3 | 0.270 | 0.561 | 2.079 | 0.585
 687 | Lake Erie            |   2 | 0.267 | 0.489 | 1.832 | 1.014
 688 | Wis. Lutheran        |   3 | 0.266 | 0.678 | 2.545 | 0.784
 689 | Pitt.-Greensburg     |   3 | 0.266 | 0.671 | 2.526 | 0.563
 690 | Rider                |   1 | 0.265 | 0.491 | 1.852 | 0.919
 691 | Bard                 |   3 | 0.264 | 0.527 | 1.997 | 0.667
 692 | Mitchell             |   3 | 0.263 | 0.540 | 2.053 | 0.629
 693 | Lakeland             |   3 | 0.260 | 0.503 | 1.939 | 0.777
 694 | Marietta             |   3 | 0.258 | 0.435 | 1.686 | 0.968
 695 | Ill.-Springfield     |   2 | 0.256 | 0.445 | 1.739 | 1.093
 696 | U New England        |   3 | 0.255 | 0.573 | 2.249 | 0.699
 697 | Crown (MN)           |   3 | 0.254 | 0.725 | 2.852 | 0.672
 698 | Delaware Valley      |   3 | 0.254 | 0.531 | 2.090 | 0.752
 699 | John Jay             |   3 | 0.251 | 0.642 | 2.563 | 0.607
 700 | St. Andrews          |   2 | 0.249 | 0.623 | 2.498 | 0.944
 701 | Monmouth (IL)        |   3 | 0.245 | 0.445 | 1.818 | 0.808
 702 | Lancaster Bible      |   3 | 0.239 | 0.513 | 2.142 | 0.542
 703 | Husson               |   3 | 0.238 | 0.534 | 2.242 | 0.887
 704 | Mt. St. Joseph       |   3 | 0.236 | 0.656 | 2.775 | 0.820
 705 | LaGrange             |   3 | 0.235 | 0.510 | 2.165 | 0.652
 706 | Bridgewater (VA)     |   3 | 0.234 | 0.530 | 2.266 | 0.887
 707 | Mt. St. Mary (NY)    |   3 | 0.231 | 0.421 | 1.819 | 0.625
 708 | St. Vincent          |   3 | 0.230 | 0.395 | 1.717 | 0.801
 709 | York (NY)            |   3 | 0.228 | 0.598 | 2.623 | 0.641
 710 | Lehman               |   3 | 0.226 | 0.626 | 2.769 | 0.653
 711 | Howard               |   1 | 0.225 | 0.445 | 1.982 | 0.961
 712 | Emmanuel (MA)        |   3 | 0.224 | 0.456 | 2.036 | 0.612
 713 | Waynesburg           |   3 | 0.221 | 0.563 | 2.548 | 0.661
 714 | Medgar Evers         |   3 | 0.220 | 0.708 | 3.211 | 0.571
 715 | Ferrum               |   3 | 0.219 | 0.384 | 1.755 | 0.895
 716 | Maranatha Baptist    |   3 | 0.218 | 0.460 | 2.108 | 0.749
 717 | Immaculata           |   3 | 0.214 | 0.409 | 1.910 | 0.685
 718 | Thiel                |   3 | 0.208 | 0.590 | 2.839 | 0.606
 719 | Illinois Col.        |   3 | 0.206 | 0.499 | 2.419 | 0.642
 720 | Goucher              |   3 | 0.205 | 0.541 | 2.637 | 0.809
 721 | CCNY                 |   3 | 0.200 | 0.615 | 3.074 | 0.658
 722 | East. Mennonite      |   3 | 0.198 | 0.453 | 2.284 | 0.851
 723 | North Central (MN)   |   3 | 0.197 | 0.434 | 2.209 | 0.494
 724 | Chaminade            |   2 | 0.196 | 0.602 | 3.073 | 0.947
 725 | Alabama A&M          |   1 | 0.196 | 0.697 | 3.553 | 1.092
 726 | Buena Vista          |   3 | 0.196 | 0.468 | 2.388 | 0.833
 727 | Ky. Wesleyan         |   2 | 0.193 | 0.451 | 2.340 | 1.113
 728 | Johnson & Wales (RI) |   3 | 0.187 | 0.369 | 1.972 | 0.769
 729 | Blackburn            |   3 | 0.185 | 0.462 | 2.503 | 0.605
 730 | McMurry              |   3 | 0.184 | 0.462 | 2.514 | 0.927
 731 | Greensboro           |   3 | 0.182 | 0.443 | 2.429 | 0.919
 732 | Phila. Biblical      |   3 | 0.179 | 0.469 | 2.621 | 0.631
 733 | Elms                 |   3 | 0.178 | 0.528 | 2.975 | 0.634
 734 | Rockford             |   3 | 0.175 | 0.339 | 1.939 | 0.691
 735 | Emory & Henry        |   3 | 0.170 | 0.447 | 2.622 | 0.796
 736 | Anna Maria           |   3 | 0.167 | 0.464 | 2.784 | 0.736
 737 | Adams St.            |   2 | 0.164 | 0.490 | 2.995 | 1.126
 738 | Gwynedd-Mercy        |   3 | 0.163 | 0.407 | 2.501 | 0.744
 739 | Concordia Chicago    |   3 | 0.163 | 0.435 | 2.668 | 0.741
 740 | Hanover              |   3 | 0.153 | 0.431 | 2.807 | 0.792
 741 | Penn St.-Berks       |   3 | 0.153 | 0.517 | 3.385 | 0.592
 742 | La Roche             |   3 | 0.151 | 0.405 | 2.683 | 0.605
 743 | George Fox           |   3 | 0.148 | 0.373 | 2.526 | 1.055
 744 | Manhattan            |   1 | 0.143 | 0.343 | 2.403 | 0.984
 745 | Mount Ida            |   3 | 0.140 | 0.472 | 3.376 | 0.658
 746 | Colo. Christian      |   2 | 0.139 | 0.338 | 2.428 | 1.174
 747 | Eastern Nazarene     |   3 | 0.139 | 0.505 | 3.644 | 0.697
 748 | Mt. St. Vincent      |   3 | 0.138 | 0.317 | 2.287 | 0.567
 749 | Huntingdon           |   3 | 0.137 | 0.450 | 3.275 | 0.796
 750 | Baptist Bible (PA)   |   3 | 0.134 | 0.436 | 3.248 | 0.670
 751 | Presentation         |   3 | 0.130 | 0.458 | 3.519 | 0.683
 752 | Caltech              |   3 | 0.129 | 0.431 | 3.353 | 0.925
 753 | Hilbert              |   3 | 0.125 | 0.451 | 3.613 | 0.631
 754 | Newbury              |   3 | 0.123 | 0.422 | 3.431 | 0.647
 755 | Staten Island        |   3 | 0.121 | 0.379 | 3.137 | 0.609
 756 | Bluffton             |   3 | 0.121 | 0.292 | 2.424 | 0.782
 757 | Cornell College      |   3 | 0.114 | 0.427 | 3.727 | 1.047
 758 | Rosemont             |   3 | 0.113 | 0.370 | 3.278 | 0.659
 759 | Regis (MA)           |   3 | 0.111 | 0.285 | 2.574 | 0.651
 760 | Eureka               |   3 | 0.108 | 0.529 | 4.891 | 0.587
 761 | Brooklyn             |   3 | 0.107 | 0.425 | 3.987 | 0.582
 762 | Chowan               |   2 | 0.105 | 0.400 | 3.795 | 0.699
 763 | Rivier               |   3 | 0.095 | 0.495 | 5.185 | 0.607
 764 | Green Mountain       |   3 | 0.090 | 0.377 | 4.193 | 0.666
 765 | Knox                 |   3 | 0.080 | 0.384 | 4.805 | 0.711
 766 | Lincoln (PA)         |   2 | 0.077 | 0.375 | 4.849 | 0.662
 767 | Northland            |   3 | 0.077 | 0.298 | 3.893 | 0.686
 768 | Yeshiva              |   3 | 0.070 | 0.492 | 7.031 | 0.579
 769 | DYouville            |   3 | 0.069 | 0.247 | 3.575 | 0.632
 770 | Louisiana Col.       |   3 | 0.057 | 0.229 | 4.005 | 0.941
 771 | Salem Intl           |   2 | 0.049 | 0.345 | 7.003 | 0.545
 772 | Purchase St.         |   3 | 0.044 | 0.180 | 4.114 | 0.579
 773 | Finlandia            |   3 | 0.043 | 0.359 | 8.365 | 0.888
 774 | Gallaudet            |   3 | 0.038 | 0.237 | 6.187 | 0.583
 775 | Wheelock             |   3 | 0.028 | 0.226 | 8.226 | 0.616
 776 | Mt. Aloysius         |   3 | 0.028 | 0.169 | 6.016 | 0.570
 777 | MacMurray            |   3 | 0.022 | 0.190 | 8.634 | 0.601
(777 rows)

COMMIT
