BEGIN
CREATE TABLE
INSERT 0 780
 rk  |        school        | div |  str  |  ofs  |  dfs   |  sos  
-----+----------------------+-----+-------+-------+--------+-------
   1 | Creighton            |   1 | 8.239 | 1.701 |  0.206 | 1.316
   2 | Messiah              |   3 | 7.547 | 2.755 |  0.365 | 1.140
   3 | St. Lawrence         |   3 | 6.836 | 2.016 |  0.295 | 1.122
   4 | New Mexico           |   1 | 5.826 | 2.039 |  0.350 | 1.281
   5 | Fort Lewis           |   2 | 5.817 | 1.762 |  0.303 | 1.212
   6 | Chris. Newport       |   3 | 5.770 | 2.453 |  0.425 | 1.040
   7 | Southern N.H.        |   2 | 5.350 | 2.060 |  0.385 | 1.263
   8 | Akron                |   1 | 5.329 | 2.183 |  0.410 | 1.266
   9 | Connecticut          |   1 | 5.129 | 1.374 |  0.268 | 1.294
  10 | Ohio Wesleyan        |   3 | 4.630 | 2.415 |  0.522 | 1.209
  11 | Mars Hill            |   2 | 4.614 | 1.797 |  0.390 | 1.007
  12 | North Carolina       |   1 | 4.537 | 2.076 |  0.458 | 1.341
  13 | Maryland             |   1 | 4.425 | 2.340 |  0.529 | 1.362
  14 | Luther               |   3 | 4.348 | 1.170 |  0.269 | 1.009
  15 | Rockhurst            |   2 | 4.324 | 1.411 |  0.326 | 1.077
  16 | Seattle Pacific      |   2 | 4.236 | 1.573 |  0.371 | 1.220
  17 | Trinity (TX)         |   3 | 4.097 | 2.234 |  0.545 | 0.999
  18 | Franklin Pierce      |   2 | 4.035 | 1.676 |  0.415 | 1.288
  19 | Coastal Caro.        |   1 | 3.922 | 2.278 |  0.581 | 1.097
  20 | Grand Canyon         |   2 | 3.909 | 1.947 |  0.498 | 1.012
  21 | Amherst              |   3 | 3.905 | 2.101 |  0.538 | 1.193
  22 | Midwestern St.       |   2 | 3.875 | 1.681 |  0.434 | 1.154
  23 | Loras                |   3 | 3.721 | 2.319 |  0.623 | 1.039
  24 | C.W. Post            |   2 | 3.705 | 1.988 |  0.537 | 1.226
  25 | Cal St. Bakersfield  |   1 | 3.552 | 1.773 |  0.499 | 1.249
  26 | Old Dominion         |   1 | 3.543 | 2.524 |  0.712 | 1.288
  27 | Metro St.            |   2 | 3.496 | 2.090 |  0.598 | 1.241
  28 | Louisville           |   1 | 3.471 | 1.587 |  0.457 | 1.378
  29 | Lynn                 |   2 | 3.470 | 1.393 |  0.402 | 1.248
  30 | Cal St. L.A.         |   2 | 3.456 | 2.180 |  0.631 | 1.251
  31 | South Fla.           |   1 | 3.448 | 1.965 |  0.570 | 1.380
  32 | Redlands             |   3 | 3.334 | 1.822 |  0.547 | 0.871
  33 | Hawaii Pacific       |   2 | 3.249 | 1.676 |  0.516 | 0.816
  34 | James Madison        |   1 | 3.215 | 1.894 |  0.589 | 1.303
  35 | Indiana              |   1 | 3.213 | 1.853 |  0.577 | 1.331
  36 | Gust. Adolphus       |   3 | 3.156 | 1.461 |  0.463 | 0.843
  37 | UC Irvine            |   1 | 3.108 | 1.818 |  0.585 | 1.293
  38 | Charlotte            |   1 | 3.090 | 1.558 |  0.504 | 1.321
  39 | Northern Ill.        |   1 | 3.080 | 1.335 |  0.433 | 1.208
  40 | Williams             |   3 | 3.071 | 1.346 |  0.438 | 1.263
  41 | Case                 |   3 | 3.047 | 2.175 |  0.714 | 1.125
  42 | Brandeis             |   3 | 3.035 | 1.408 |  0.464 | 1.007
  43 | Rutgers-Camden       |   3 | 3.016 | 1.513 |  0.502 | 1.124
  44 | Ohio Northern        |   3 | 3.013 | 1.938 |  0.643 | 1.047
  45 | Saginaw Valley       |   2 | 3.007 | 1.634 |  0.543 | 1.169
  46 | Regis (CO)           |   2 | 2.980 | 1.781 |  0.598 | 1.095
  47 | Washington-St. Louis |   3 | 2.940 | 1.580 |  0.538 | 1.140
  48 | Drew                 |   3 | 2.918 | 1.361 |  0.466 | 0.897
  49 | Northern Ky.         |   2 | 2.915 | 1.565 |  0.537 | 1.101
  50 | Wesleyan (CT)        |   3 | 2.910 | 1.324 |  0.455 | 1.250
  51 | St. Olaf             |   3 | 2.891 | 1.689 |  0.584 | 1.073
  52 | Middlebury           |   3 | 2.887 | 1.471 |  0.510 | 1.170
  53 | Calvin               |   3 | 2.882 | 1.703 |  0.591 | 1.102
  54 | Hope                 |   3 | 2.872 | 1.582 |  0.551 | 1.105
  55 | Cal St. Chico        |   2 | 2.855 | 1.326 |  0.464 | 1.209
  56 | Hobart               |   3 | 2.851 | 1.503 |  0.527 | 1.078
  57 | Eastern Conn. St.    |   3 | 2.847 | 1.355 |  0.476 | 0.973
  58 | UC Santa Barbara     |   1 | 2.844 | 2.195 |  0.772 | 1.375
  59 | Georgia St.          |   1 | 2.833 | 1.315 |  0.464 | 1.233
  60 | Incarnate Word       |   2 | 2.823 | 1.517 |  0.537 | 1.227
  61 | Oneonta St.          |   3 | 2.816 | 1.822 |  0.647 | 1.147
  62 | Western New Eng.     |   3 | 2.783 | 1.387 |  0.498 | 0.993
  63 | Augsburg             |   3 | 2.753 | 1.251 |  0.454 | 1.098
  64 | Trinity (CT)         |   3 | 2.734 | 1.149 |  0.420 | 1.227
  65 | Cornell              |   1 | 2.705 | 1.324 |  0.489 | 1.099
  66 | Montclair St.        |   3 | 2.673 | 1.414 |  0.529 | 1.053
  67 | Cal St. Northridge   |   1 | 2.649 | 1.580 |  0.596 | 1.371
  68 | Boston College       |   1 | 2.644 | 1.745 |  0.660 | 1.359
  69 | Whitworth            |   3 | 2.643 | 1.257 |  0.476 | 0.769
  70 | Notre Dame de Namur  |   2 | 2.639 | 1.765 |  0.669 | 1.028
  71 | Duke                 |   1 | 2.627 | 2.182 |  0.831 | 1.324
  72 | West Virginia        |   1 | 2.585 | 1.315 |  0.509 | 1.349
  73 | North Park           |   3 | 2.576 | 1.467 |  0.570 | 1.109
  74 | St. Thomas Aquinas   |   2 | 2.573 | 1.596 |  0.620 | 1.152
  75 | Georgetown           |   1 | 2.568 | 1.554 |  0.605 | 1.248
  76 | UAB                  |   1 | 2.559 | 1.458 |  0.570 | 1.268
  77 | Furman               |   1 | 2.558 | 1.274 |  0.498 | 1.139
  78 | Stevens Institute    |   3 | 2.552 | 1.666 |  0.653 | 1.101
  79 | Colorado Mines       |   2 | 2.545 | 2.463 |  0.968 | 1.225
  80 | Medaille             |   3 | 2.540 | 1.388 |  0.546 | 0.765
  81 | Lehigh               |   1 | 2.527 | 0.882 |  0.349 | 1.089
  82 | UCF                  |   1 | 2.522 | 1.634 |  0.648 | 1.204
  83 | Northwood (MI)       |   2 | 2.511 | 1.718 |  0.684 | 1.202
  84 | Dominican (IL)       |   3 | 2.483 | 1.562 |  0.629 | 0.946
  85 | Notre Dame           |   1 | 2.476 | 1.432 |  0.578 | 1.268
  86 | Salisbury            |   3 | 2.471 | 1.491 |  0.604 | 1.002
  87 | Coker                |   2 | 2.459 | 1.153 |  0.469 | 0.961
  88 | Memphis              |   1 | 2.458 | 1.658 |  0.674 | 1.168
  89 | UNC Greensboro       |   1 | 2.443 | 1.342 |  0.549 | 1.149
  90 | St. Johns (NY)       |   1 | 2.437 | 1.449 |  0.595 | 1.380
  91 | Mass.-Lowell         |   2 | 2.413 | 1.700 |  0.705 | 1.239
  92 | UCLA                 |   1 | 2.412 | 1.621 |  0.672 | 1.290
  93 | Johns Hopkins        |   3 | 2.410 | 1.215 |  0.504 | 1.063
  94 | Charleston (WV)      |   2 | 2.409 | 1.624 |  0.674 | 0.942
  95 | Washington           |   1 | 2.408 | 1.302 |  0.541 | 1.123
  96 | Wis.-Oshkosh         |   3 | 2.396 | 1.117 |  0.466 | 0.898
  97 | Trine                |   3 | 2.384 | 1.217 |  0.511 | 0.963
  98 | Anderson (SC)        |   2 | 2.378 | 1.722 |  0.724 | 0.992
  99 | Babson               |   3 | 2.367 | 1.497 |  0.632 | 1.070
 100 | Air Force            |   1 | 2.361 | 1.566 |  0.663 | 1.196
 101 | Flagler              |   2 | 2.341 | 1.759 |  0.751 | 1.102
 102 | George Mason         |   1 | 2.325 | 1.801 |  0.775 | 1.222
 103 | Rollins              |   2 | 2.321 | 1.540 |  0.664 | 1.195
 104 | Yale                 |   1 | 2.318 | 1.472 |  0.635 | 1.241
 105 | Monmouth             |   1 | 2.317 | 1.030 |  0.444 | 1.132
 106 | Frank. & Marsh.      |   3 | 2.314 | 1.383 |  0.597 | 1.074
 107 | Bridgeport           |   2 | 2.297 | 1.870 |  0.814 | 1.286
 108 | Tex. A&M Intl        |   2 | 2.275 | 1.398 |  0.614 | 1.004
 109 | Dickinson            |   3 | 2.268 | 1.655 |  0.730 | 1.063
 110 | Wm. Paterson         |   3 | 2.243 | 1.650 |  0.736 | 0.969
 111 | Hiram                |   3 | 2.234 | 1.636 |  0.732 | 1.043
 112 | Union (NY)           |   3 | 2.224 | 1.519 |  0.683 | 0.929
 113 | Swarthmore           |   3 | 2.211 | 1.537 |  0.695 | 1.080
 114 | Virginia             |   1 | 2.194 | 1.542 |  0.703 | 1.273
 115 | Thomas More          |   3 | 2.192 | 1.622 |  0.740 | 0.810
 116 | Bellarmine           |   2 | 2.181 | 1.614 |  0.740 | 1.049
 117 | VCU                  |   1 | 2.173 | 1.466 |  0.675 | 1.240
 118 | Barry                |   2 | 2.162 | 1.564 |  0.724 | 1.195
 119 | St. Scholastica      |   3 | 2.150 | 1.212 |  0.564 | 0.704
 120 | Ohio St.             |   1 | 2.150 | 1.514 |  0.704 | 1.258
 121 | Delaware             |   1 | 2.138 | 1.786 |  0.835 | 1.214
 122 | Providence           |   1 | 2.126 | 1.409 |  0.663 | 1.297
 123 | Cal St. Stanislaus   |   2 | 2.120 | 1.246 |  0.588 | 1.187
 124 | Bradley              |   1 | 2.120 | 1.285 |  0.606 | 1.175
 125 | Cal Poly Pomona      |   2 | 2.111 | 1.715 |  0.813 | 1.216
 126 | Misericordia         |   3 | 2.102 | 1.478 |  0.703 | 0.945
 127 | Montevallo           |   2 | 2.098 | 1.167 |  0.556 | 1.098
 128 | SMU                  |   1 | 2.097 | 1.438 |  0.685 | 1.355
 129 | Appalachian St.      |   1 | 2.079 | 0.895 |  0.431 | 1.154
 130 | Oglethorpe           |   3 | 2.071 | 1.898 |  0.916 | 0.943
 131 | Penn St.             |   1 | 2.063 | 0.806 |  0.390 | 1.234
 132 | Northeastern St.     |   2 | 2.060 | 1.608 |  0.780 | 1.172
 133 | Manhattanville       |   3 | 2.054 | 1.712 |  0.833 | 0.926
 134 | Northeastern         |   1 | 2.052 | 1.310 |  0.638 | 1.213
 135 | Eastern N.M.         |   2 | 2.045 | 1.239 |  0.606 | 1.181
 136 | Alvernia             |   3 | 2.043 | 1.170 |  0.573 | 0.964
 137 | Fla. Gulf Coast      |   1 | 2.041 | 1.454 |  0.712 | 1.132
 138 | Brockport            |   3 | 2.033 | 1.235 |  0.607 | 1.139
 139 | Northwestern         |   1 | 2.011 | 1.229 |  0.611 | 1.239
 140 | Mississippi Col.     |   3 | 2.008 | 1.244 |  0.620 | 0.801
 141 | Iona                 |   1 | 2.008 | 1.501 |  0.748 | 0.972
 142 | Cal St. Fullerton    |   1 | 2.002 | 1.427 |  0.713 | 1.380
 143 | Texas-Dallas         |   3 | 2.001 | 0.877 |  0.438 | 0.807
 144 | Xavier               |   1 | 1.981 | 1.129 |  0.570 | 1.124
 145 | Tiffin               |   2 | 1.975 | 1.096 |  0.555 | 1.219
 146 | Nyack                |   2 | 1.971 | 1.311 |  0.665 | 1.040
 147 | Nazareth             |   3 | 1.948 | 1.269 |  0.652 | 1.064
 148 | Baldwin-Wallace      |   3 | 1.946 | 1.489 |  0.765 | 0.970
 149 | Cal St. Dom. Hills   |   2 | 1.946 | 1.317 |  0.677 | 1.239
 150 | Christian Bros.      |   2 | 1.944 | 1.046 |  0.538 | 1.018
 151 | Brown                |   1 | 1.936 | 1.114 |  0.575 | 1.205
 152 | Niagara              |   1 | 1.930 | 1.240 |  0.642 | 1.024
 153 | Radford              |   1 | 1.928 | 1.507 |  0.782 | 1.120
 154 | Rochester (NY)       |   3 | 1.926 | 1.273 |  0.661 | 1.240
 155 | Bentley              |   2 | 1.924 | 1.485 |  0.772 | 1.274
 156 | DeSales              |   3 | 1.923 | 1.693 |  0.880 | 0.959
 157 | Chicago              |   3 | 1.916 | 1.321 |  0.689 | 1.138
 158 | Cal Poly             |   1 | 1.915 | 0.937 |  0.490 | 1.390
 159 | Marshall             |   1 | 1.914 | 1.286 |  0.672 | 1.204
 160 | UNC Pembroke         |   2 | 1.911 | 1.366 |  0.715 | 0.905
 161 | Missouri St.         |   1 | 1.905 | 1.187 |  0.623 | 1.261
 162 | Sonoma St.           |   2 | 1.904 | 1.619 |  0.850 | 1.168
 163 | Dartmouth            |   1 | 1.889 | 1.351 |  0.715 | 1.195
 164 | Tufts                |   3 | 1.875 | 1.469 |  0.783 | 1.173
 165 | Rutgers              |   1 | 1.872 | 1.392 |  0.744 | 1.311
 166 | Maryville (TN)       |   3 | 1.862 | 1.083 |  0.582 | 0.837
 167 | Dominican (NY)       |   2 | 1.849 | 1.055 |  0.570 | 1.085
 168 | Millersville         |   2 | 1.847 | 1.326 |  0.718 | 1.176
 169 | Pacific Lutheran     |   3 | 1.838 | 1.682 |  0.915 | 0.822
 170 | California (PA)      |   2 | 1.838 | 0.927 |  0.504 | 0.919
 171 | Elizabethtown        |   3 | 1.834 | 1.243 |  0.678 | 1.161
 172 | Macalester           |   3 | 1.827 | 1.281 |  0.701 | 1.019
 173 | Wisconsin            |   1 | 1.823 | 1.299 |  0.713 | 1.320
 174 | Wheaton (IL)         |   3 | 1.823 | 1.696 |  0.930 | 1.195
 175 | Fordham              |   1 | 1.815 | 0.977 |  0.538 | 1.098
 176 | Fairleigh Dickinson  |   1 | 1.813 | 1.076 |  0.593 | 1.076
 177 | St. Francis (PA)     |   1 | 1.805 | 1.039 |  0.576 | 1.029
 178 | Drake                |   1 | 1.801 | 1.781 |  0.989 | 1.204
 179 | Marquette            |   1 | 1.796 | 1.421 |  0.791 | 1.263
 180 | York (PA)            |   3 | 1.794 | 1.161 |  0.647 | 1.083
 181 | Le Moyne             |   2 | 1.792 | 1.217 |  0.679 | 1.207
 182 | Penn                 |   1 | 1.790 | 1.451 |  0.810 | 1.180
 183 | Mo.-St. Louis        |   2 | 1.786 | 1.020 |  0.571 | 1.005
 184 | Vassar               |   3 | 1.784 | 1.283 |  0.719 | 1.008
 185 | Fort Hays St.        |   2 | 1.775 | 1.347 |  0.759 | 1.030
 186 | Duquesne             |   1 | 1.774 | 1.476 |  0.832 | 1.046
 187 | DePauw               |   3 | 1.771 | 1.115 |  0.630 | 1.017
 188 | Davidson             |   1 | 1.770 | 1.107 |  0.626 | 1.217
 189 | NYIT                 |   2 | 1.769 | 0.917 |  0.518 | 1.069
 190 | Stonehill            |   2 | 1.764 | 1.493 |  0.846 | 1.231
 191 | Drury                |   2 | 1.736 | 0.876 |  0.505 | 1.052
 192 | Catholic             |   3 | 1.731 | 1.508 |  0.871 | 1.005
 193 | Western Ill.         |   1 | 1.722 | 1.044 |  0.607 | 1.053
 194 | San Diego St.        |   1 | 1.717 | 1.373 |  0.800 | 1.066
 195 | Mercyhurst           |   2 | 1.706 | 1.430 |  0.838 | 1.112
 196 | St. Marys (CA)       |   1 | 1.698 | 0.964 |  0.568 | 1.306
 197 | Dubuque              |   3 | 1.697 | 1.153 |  0.679 | 0.854
 198 | Fairfield            |   1 | 1.693 | 1.416 |  0.836 | 1.046
 199 | Colgate              |   1 | 1.691 | 0.958 |  0.567 | 1.108
 200 | Eastern              |   3 | 1.682 | 1.335 |  0.794 | 1.004
 201 | Texas-Tyler          |   3 | 1.678 | 1.248 |  0.743 | 0.943
 202 | Wis.-Whitewater      |   3 | 1.669 | 1.367 |  0.819 | 1.067
 203 | Santa Clara          |   1 | 1.664 | 1.130 |  0.679 | 1.137
 204 | Ala.-Huntsville      |   2 | 1.664 | 1.648 |  0.990 | 1.058
 205 | Emory                |   3 | 1.662 | 1.526 |  0.918 | 1.199
 206 | Wake Forest          |   1 | 1.662 | 1.254 |  0.755 | 1.348
 207 | Ill.-Chicago         |   1 | 1.660 | 1.275 |  0.768 | 1.110
 208 | South Carolina       |   1 | 1.657 | 1.671 |  1.009 | 1.323
 209 | Chapman              |   3 | 1.657 | 1.409 |  0.850 | 0.988
 210 | Carleton             |   3 | 1.652 | 1.318 |  0.798 | 1.041
 211 | Wis.-Superior        |   3 | 1.650 | 1.264 |  0.766 | 0.951
 212 | New York U.          |   3 | 1.648 | 1.122 |  0.681 | 1.062
 213 | Wilmington (DE)      |   2 | 1.644 | 1.731 |  1.053 | 1.134
 214 | Villanova            |   1 | 1.644 | 1.068 |  0.650 | 1.220
 215 | UC Davis             |   1 | 1.642 | 1.078 |  0.657 | 1.372
 216 | Longwood             |   1 | 1.641 | 1.240 |  0.756 | 0.980
 217 | Bloomfield           |   2 | 1.640 | 1.814 |  1.106 | 1.120
 218 | Lafayette            |   1 | 1.639 | 0.722 |  0.440 | 1.094
 219 | Muhlenberg           |   3 | 1.632 | 1.030 |  0.631 | 1.079
 220 | Oakland City         |   2 | 1.613 | 1.446 |  0.896 | 0.872
 221 | Mary Hardin-Baylor   |   3 | 1.609 | 1.274 |  0.792 | 0.821
 222 | Colorado Col.        |   3 | 1.604 | 1.284 |  0.801 | 1.006
 223 | William & Mary       |   1 | 1.598 | 0.945 |  0.592 | 1.336
 224 | Kentucky             |   1 | 1.598 | 1.556 |  0.974 | 1.238
 225 | Merrimack            |   2 | 1.595 | 1.535 |  0.963 | 1.196
 226 | Connecticut Col.     |   3 | 1.593 | 1.048 |  0.658 | 1.145
 227 | Loyola Maryland      |   1 | 1.592 | 1.132 |  0.711 | 1.006
 228 | Michigan St.         |   1 | 1.578 | 1.000 |  0.634 | 1.317
 229 | Holy Family          |   2 | 1.577 | 1.597 |  1.013 | 1.079
 230 | Col. of Charleston   |   1 | 1.577 | 1.402 |  0.889 | 1.258
 231 | Clemson              |   1 | 1.571 | 1.323 |  0.842 | 1.326
 232 | Centre               |   3 | 1.560 | 1.318 |  0.845 | 1.011
 233 | Sacred Heart         |   1 | 1.559 | 0.900 |  0.578 | 1.076
 234 | SUNY Geneseo         |   3 | 1.558 | 1.353 |  0.868 | 1.052
 235 | Lewis                |   2 | 1.551 | 1.410 |  0.909 | 1.102
 236 | N.C. Wesleyan        |   3 | 1.549 | 1.122 |  0.725 | 1.127
 237 | UC San Diego         |   2 | 1.548 | 1.199 |  0.774 | 1.204
 238 | West Tex. A&M        |   2 | 1.546 | 1.322 |  0.855 | 1.238
 239 | San Francisco        |   1 | 1.545 | 1.110 |  0.718 | 1.169
 240 | East Tenn. St.       |   1 | 1.544 | 1.139 |  0.738 | 1.145
 241 | UC Riverside         |   1 | 1.540 | 1.550 |  1.007 | 1.289
 242 | Quincy               |   2 | 1.537 | 1.320 |  0.859 | 1.091
 243 | Indianapolis         |   2 | 1.537 | 1.238 |  0.806 | 1.064
 244 | Lake Erie            |   2 | 1.531 | 1.247 |  0.815 | 1.003
 245 | Wright St.           |   1 | 1.527 | 1.136 |  0.744 | 1.094
 246 | Post                 |   2 | 1.520 | 1.216 |  0.800 | 1.107
 247 | John Carroll         |   3 | 1.518 | 1.093 |  0.720 | 1.124
 248 | Vermont              |   1 | 1.517 | 1.186 |  0.781 | 1.036
 249 | Haverford            |   3 | 1.511 | 1.001 |  0.663 | 1.071
 250 | Valparaiso           |   1 | 1.511 | 0.788 |  0.521 | 1.072
 251 | Florida Tech         |   2 | 1.509 | 1.000 |  0.663 | 1.152
 252 | Richard Stockton     |   3 | 1.508 | 1.091 |  0.723 | 1.111
 253 | Portland             |   1 | 1.503 | 1.449 |  0.964 | 1.172
 254 | Allegheny            |   3 | 1.501 | 1.369 |  0.912 | 1.077
 255 | Clayton St.          |   2 | 1.496 | 1.245 |  0.832 | 1.094
 256 | Mt. St. Marys        |   1 | 1.481 | 1.163 |  0.785 | 1.046
 257 | San Jose St.         |   1 | 1.479 | 0.960 |  0.649 | 1.227
 258 | Southern Conn. St.   |   2 | 1.473 | 1.295 |  0.879 | 1.229
 259 | St. Francis (NY)     |   1 | 1.470 | 0.914 |  0.622 | 1.023
 260 | Dowling              |   2 | 1.467 | 1.333 |  0.909 | 1.321
 261 | Lander               |   2 | 1.461 | 1.474 |  1.009 | 1.040
 262 | Limestone            |   2 | 1.449 | 1.781 |  1.229 | 0.952
 263 | Albertus Magnus      |   3 | 1.449 | 1.139 |  0.786 | 0.698
 264 | Stony Brook          |   1 | 1.445 | 1.263 |  0.874 | 1.140
 265 | SIU Edwardsville     |   1 | 1.439 | 1.080 |  0.750 | 1.115
 266 | Wheaton (MA)         |   3 | 1.438 | 1.616 |  1.123 | 1.021
 267 | Denver               |   1 | 1.435 | 1.515 |  1.056 | 1.395
 268 | Claremont-M-S        |   3 | 1.432 | 1.600 |  1.118 | 0.854
 269 | UC-Colo. Springs     |   2 | 1.431 | 1.133 |  0.792 | 1.261
 270 | Stetson              |   1 | 1.430 | 1.581 |  1.106 | 1.061
 271 | Greenville           |   3 | 1.430 | 1.070 |  0.748 | 0.850
 272 | Roanoke              |   3 | 1.428 | 1.199 |  0.839 | 1.023
 273 | Lock Haven           |   2 | 1.424 | 1.662 |  1.167 | 1.063
 274 | West Va. Wesleyan    |   2 | 1.421 | 1.062 |  0.747 | 0.982
 275 | Queens (NY)          |   2 | 1.419 | 1.051 |  0.740 | 1.101
 276 | Rowan                |   3 | 1.416 | 1.330 |  0.939 | 1.028
 277 | Shippensburg         |   2 | 1.410 | 1.112 |  0.789 | 1.043
 278 | Bucknell             |   1 | 1.407 | 1.212 |  0.861 | 1.111
 279 | Kean                 |   3 | 1.406 | 1.489 |  1.059 | 1.067
 280 | Princeton            |   1 | 1.400 | 1.806 |  1.291 | 1.288
 281 | Loyola Marymount     |   1 | 1.398 | 1.079 |  0.772 | 1.199
 282 | Rose-Hulman          |   3 | 1.397 | 1.246 |  0.892 | 0.753
 283 | Plattsburgh St.      |   3 | 1.395 | 1.306 |  0.936 | 0.964
 284 | Randolph             |   3 | 1.393 | 1.249 |  0.896 | 0.936
 285 | Methodist            |   3 | 1.392 | 1.337 |  0.960 | 0.903
 286 | Green Bay            |   1 | 1.391 | 1.266 |  0.910 | 1.118
 287 | California           |   1 | 1.382 | 1.296 |  0.938 | 1.292
 288 | Rochester Inst.      |   3 | 1.377 | 0.898 |  0.652 | 1.074
 289 | Cal St. Monterey Bay |   2 | 1.374 | 1.077 |  0.784 | 1.169
 290 | West Fla.            |   2 | 1.365 | 1.012 |  0.741 | 1.111
 291 | Denison              |   3 | 1.362 | 1.347 |  0.989 | 1.037
 292 | St. Anselm           |   2 | 1.358 | 1.453 |  1.070 | 1.215
 293 | Western Wash.        |   2 | 1.353 | 1.324 |  0.979 | 1.219
 294 | San Diego            |   1 | 1.350 | 1.119 |  0.828 | 1.200
 295 | High Point           |   1 | 1.341 | 1.178 |  0.878 | 1.077
 296 | Campbell             |   1 | 1.341 | 1.366 |  1.019 | 1.102
 297 | Elmira               |   3 | 1.333 | 1.102 |  0.826 | 0.824
 298 | Cal St. San Bdino    |   2 | 1.330 | 1.164 |  0.875 | 1.199
 299 | Carthage             |   3 | 1.327 | 1.117 |  0.841 | 1.043
 300 | Davis & Elkins       |   2 | 1.325 | 1.128 |  0.852 | 0.933
 301 | Palm Beach Atl.      |   2 | 1.324 | 1.407 |  1.063 | 0.943
 302 | Lincoln Memorial     |   2 | 1.322 | 1.085 |  0.820 | 0.995
 303 | Liberty              |   1 | 1.322 | 1.092 |  0.826 | 1.097
 304 | Boston U.            |   1 | 1.321 | 0.948 |  0.718 | 1.131
 305 | Transylvania         |   3 | 1.318 | 0.970 |  0.736 | 0.783
 306 | Gettysburg           |   3 | 1.316 | 0.962 |  0.731 | 1.123
 307 | American Intl        |   2 | 1.315 | 1.091 |  0.830 | 1.239
 308 | Bowling Green        |   1 | 1.313 | 1.030 |  0.785 | 1.117
 309 | Merchant Marine      |   3 | 1.312 | 1.074 |  0.819 | 0.997
 310 | Jacksonville         |   1 | 1.311 | 1.263 |  0.963 | 1.023
 311 | St. Louis            |   1 | 1.301 | 1.221 |  0.939 | 1.268
 312 | Va. Wesleyan         |   3 | 1.299 | 1.326 |  1.021 | 1.048
 313 | Mercer               |   1 | 1.296 | 0.990 |  0.764 | 1.068
 314 | Minn.-Morris         |   3 | 1.295 | 0.660 |  0.509 | 0.768
 315 | North Ga.            |   2 | 1.294 | 1.248 |  0.964 | 1.105
 316 | Concordia (WI)       |   3 | 1.290 | 1.199 |  0.930 | 0.777
 317 | North Carolina St.   |   1 | 1.285 | 0.948 |  0.738 | 1.264
 318 | Elon                 |   1 | 1.279 | 1.292 |  1.010 | 1.301
 319 | Hartford             |   1 | 1.274 | 1.225 |  0.962 | 1.072
 320 | Frostburg St.        |   3 | 1.272 | 1.063 |  0.835 | 0.887
 321 | Buffalo              |   1 | 1.266 | 1.314 |  1.038 | 1.110
 322 | Marist               |   1 | 1.266 | 1.224 |  0.966 | 1.067
 323 | DePaul               |   1 | 1.261 | 1.228 |  0.974 | 1.301
 324 | Michigan             |   1 | 1.260 | 1.214 |  0.963 | 1.290
 325 | Sacramento St.       |   1 | 1.258 | 1.067 |  0.848 | 1.269
 326 | Tulsa                |   1 | 1.252 | 1.310 |  1.047 | 1.341
 327 | Columbia             |   1 | 1.251 | 0.935 |  0.748 | 1.245
 328 | Mont. St. Billings   |   2 | 1.248 | 1.184 |  0.949 | 1.183
 329 | Ga. Southern         |   1 | 1.243 | 1.655 |  1.331 | 1.050
 330 | Hofstra              |   1 | 1.238 | 1.365 |  1.103 | 1.304
 331 | Susquehanna          |   3 | 1.237 | 1.222 |  0.988 | 0.991
 332 | Roger Williams       |   3 | 1.230 | 1.392 |  1.131 | 0.936
 333 | Tusculum             |   2 | 1.229 | 0.928 |  0.755 | 1.031
 334 | American             |   1 | 1.222 | 1.088 |  0.891 | 1.207
 335 | Southern Ind.        |   2 | 1.217 | 1.313 |  1.079 | 1.072
 336 | Evansville           |   1 | 1.216 | 1.135 |  0.933 | 1.207
 337 | Averett              |   3 | 1.213 | 1.186 |  0.977 | 0.960
 338 | Bowdoin              |   3 | 1.212 | 1.034 |  0.853 | 1.235
 339 | Gardner-Webb         |   1 | 1.212 | 0.970 |  0.800 | 1.070
 340 | Cleveland St.        |   1 | 1.211 | 1.184 |  0.978 | 1.051
 341 | Hamilton             |   3 | 1.201 | 0.943 |  0.785 | 1.213
 342 | Cincinnati           |   1 | 1.198 | 1.203 |  1.004 | 1.230
 343 | St. Johns (MN)       |   3 | 1.190 | 1.480 |  1.244 | 1.057
 344 | Utica                |   3 | 1.184 | 1.275 |  1.077 | 0.881
 345 | New Paltz St.        |   3 | 1.180 | 1.001 |  0.849 | 1.024
 346 | MIT                  |   3 | 1.180 | 1.122 |  0.951 | 0.969
 347 | Dixie St.            |   2 | 1.179 | 0.801 |  0.679 | 1.068
 348 | Olivet               |   3 | 1.173 | 1.032 |  0.880 | 0.955
 349 | Centenary (LA)       |   3 | 1.168 | 0.885 |  0.758 | 0.786
 350 | Hartwick             |   1 | 1.165 | 1.106 |  0.949 | 1.169
 351 | Puget Sound          |   3 | 1.161 | 1.138 |  0.980 | 0.836
 352 | Central Conn. St.    |   1 | 1.158 | 0.979 |  0.845 | 1.125
 353 | Birmingham-So.       |   3 | 1.157 | 1.170 |  1.011 | 0.920
 354 | Mesa St.             |   2 | 1.156 | 1.009 |  0.873 | 1.268
 355 | Ramapo               |   3 | 1.152 | 1.399 |  1.215 | 1.065
 356 | Ashland              |   2 | 1.149 | 0.927 |  0.806 | 1.225
 357 | Mount Union          |   3 | 1.147 | 0.984 |  0.858 | 0.946
 358 | Colby                |   3 | 1.135 | 0.986 |  0.869 | 1.158
 359 | Mass.-Boston         |   3 | 1.134 | 1.107 |  0.976 | 0.683
 360 | Springfield          |   3 | 1.133 | 0.921 |  0.813 | 0.991
 361 | UMBC                 |   1 | 1.132 | 0.984 |  0.869 | 1.160
 362 | UNC Wilmington       |   1 | 1.131 | 0.990 |  0.876 | 1.334
 363 | North Central (IL)   |   3 | 1.129 | 1.109 |  0.982 | 0.845
 364 | Towson               |   1 | 1.126 | 1.253 |  1.113 | 1.322
 365 | Mercy                |   2 | 1.120 | 1.063 |  0.949 | 1.111
 366 | Syracuse             |   1 | 1.118 | 1.216 |  1.088 | 1.231
 367 | Lees-McRae           |   2 | 1.117 | 1.078 |  0.965 | 1.029
 368 | Erskine              |   2 | 1.114 | 1.263 |  1.134 | 0.941
 369 | Missouri S&T         |   2 | 1.097 | 0.809 |  0.737 | 1.083
 370 | Wis.-Parkside        |   2 | 1.096 | 0.812 |  0.741 | 1.054
 371 | George Washington    |   1 | 1.089 | 1.026 |  0.942 | 0.971
 372 | Oregon St.           |   1 | 1.089 | 1.136 |  1.044 | 1.257
 373 | Felician             |   2 | 1.086 | 1.055 |  0.971 | 0.979
 374 | Stanford             |   1 | 1.080 | 0.917 |  0.849 | 1.284
 375 | Virginia Tech        |   1 | 1.080 | 0.790 |  0.731 | 1.227
 376 | Adelphi              |   1 | 1.080 | 0.960 |  0.889 | 1.071
 377 | Rensselaer           |   3 | 1.078 | 0.643 |  0.597 | 1.083
 378 | UC Santa Cruz        |   3 | 1.071 | 0.961 |  0.897 | 0.903
 379 | St. Thomas (MN)      |   3 | 1.069 | 1.292 |  1.209 | 1.045
 380 | St. Martins          |   2 | 1.069 | 1.177 |  1.101 | 1.340
 381 | Navy                 |   1 | 1.062 | 1.223 |  1.152 | 1.135
 382 | Gannon               |   2 | 1.061 | 1.376 |  1.297 | 1.056
 383 | Elmhurst             |   3 | 1.057 | 0.987 |  0.934 | 1.027
 384 | Augustana (IL)       |   3 | 1.057 | 0.932 |  0.881 | 0.822
 385 | Neumann              |   3 | 1.056 | 1.069 |  1.013 | 0.874
 386 | Keene St.            |   3 | 1.052 | 1.273 |  1.210 | 1.005
 387 | Butler               |   1 | 1.052 | 1.082 |  1.029 | 1.109
 388 | Quinnipiac           |   1 | 1.048 | 1.315 |  1.254 | 1.146
 389 | Fla. Southern        |   2 | 1.044 | 1.612 |  1.544 | 1.077
 390 | Gordon               |   3 | 1.040 | 0.954 |  0.918 | 0.974
 391 | Tampa                |   2 | 1.035 | 1.115 |  1.078 | 1.158
 392 | Milwaukee            |   1 | 1.035 | 1.274 |  1.231 | 1.160
 393 | Aurora               |   3 | 1.034 | 0.800 |  0.774 | 0.855
 394 | Castleton            |   3 | 1.026 | 1.119 |  1.091 | 0.748
 395 | Capital              |   3 | 1.020 | 1.166 |  1.143 | 1.016
 396 | Binghamton           |   1 | 1.017 | 1.097 |  1.078 | 1.105
 397 | Rhode Island Col.    |   3 | 1.011 | 1.121 |  1.108 | 0.899
 398 | Lenoir-Rhyne         |   2 | 1.008 | 0.983 |  0.975 | 0.973
 399 | Guilford             |   3 | 1.007 | 0.937 |  0.930 | 0.975
 400 | FIU                  |   1 | 1.006 | 1.022 |  1.016 | 1.222
 401 | New Haven            |   2 | 1.004 | 0.852 |  0.848 | 1.213
 402 | West Chester         |   2 | 1.002 | 0.897 |  0.895 | 0.957
 403 | St. Leo              |   2 | 1.001 | 1.212 |  1.211 | 1.114
 404 | Belmont              |   1 | 1.000 | 1.070 |  1.070 | 1.071
 405 | Central (IA)         |   3 | 0.997 | 0.993 |  0.996 | 0.899
 406 | Ill. Wesleyan        |   3 | 0.997 | 1.004 |  1.007 | 0.977
 407 | Bloomsburg           |   2 | 0.994 | 1.016 |  1.022 | 1.035
 408 | Slippery Rock        |   2 | 0.993 | 0.960 |  0.967 | 1.024
 409 | Fredonia St.         |   3 | 0.992 | 1.127 |  1.135 | 0.954
 410 | Eckerd               |   2 | 0.991 | 0.994 |  1.004 | 1.161
 411 | Mary Washington      |   3 | 0.974 | 0.865 |  0.888 | 1.037
 412 | TCNJ                 |   3 | 0.974 | 1.175 |  1.206 | 1.093
 413 | Rutgers-Newark       |   3 | 0.973 | 0.875 |  0.899 | 1.067
 414 | Salem St.            |   3 | 0.969 | 1.060 |  1.094 | 0.809
 415 | Carnegie Mellon      |   3 | 0.967 | 1.203 |  1.244 | 1.102
 416 | Lebanon Valley       |   3 | 0.963 | 1.068 |  1.109 | 0.983
 417 | Penn St.-Behrend     |   3 | 0.961 | 1.126 |  1.172 | 0.843
 418 | Seattle              |   1 | 0.958 | 0.963 |  1.006 | 1.341
 419 | Lake Forest          |   3 | 0.956 | 0.919 |  0.961 | 0.605
 420 | Berry                |   3 | 0.955 | 0.897 |  0.939 | 1.101
 421 | Albany (NY)          |   1 | 0.953 | 1.033 |  1.083 | 1.075
 422 | Grove City           |   3 | 0.952 | 1.043 |  1.095 | 0.843
 423 | Wesley               |   3 | 0.952 | 1.109 |  1.166 | 0.831
 424 | Bates                |   3 | 0.948 | 1.203 |  1.270 | 1.128
 425 | Lynchburg            |   3 | 0.946 | 0.647 |  0.684 | 1.043
 426 | Temple               |   1 | 0.945 | 1.023 |  1.082 | 0.991
 427 | Northwest Nazarene   |   2 | 0.932 | 1.033 |  1.108 | 1.085
 428 | Wash. & Lee          |   3 | 0.931 | 0.710 |  0.763 | 0.940
 429 | Assumption           |   2 | 0.931 | 0.907 |  0.974 | 1.239
 430 | Western Mich.        |   1 | 0.927 | 1.156 |  1.247 | 1.178
 431 | IUPUI                |   1 | 0.926 | 0.741 |  0.800 | 1.101
 432 | Sewanee              |   3 | 0.919 | 0.890 |  0.968 | 0.864
 433 | Coast Guard          |   3 | 0.918 | 0.948 |  1.033 | 0.947
 434 | UNLV                 |   1 | 0.913 | 1.162 |  1.272 | 1.375
 435 | IPFW                 |   1 | 0.911 | 1.305 |  1.433 | 1.002
 436 | Fontbonne            |   3 | 0.911 | 0.876 |  0.962 | 0.738
 437 | Eastern Ill.         |   1 | 0.908 | 1.022 |  1.126 | 1.028
 438 | Kenyon               |   3 | 0.906 | 0.722 |  0.797 | 0.981
 439 | Ouachita Baptist     |   2 | 0.903 | 1.041 |  1.153 | 1.131
 440 | Wartburg             |   3 | 0.902 | 0.965 |  1.070 | 1.021
 441 | Gonzaga              |   1 | 0.900 | 0.945 |  1.051 | 1.200
 442 | Carroll (WI)         |   3 | 0.898 | 0.942 |  1.049 | 0.837
 443 | Siena                |   1 | 0.897 | 0.637 |  0.710 | 1.067
 444 | Wis.-Platteville     |   3 | 0.889 | 0.952 |  1.071 | 1.007
 445 | Endicott             |   3 | 0.888 | 0.787 |  0.886 | 0.929
 446 | Lipscomb             |   1 | 0.885 | 1.044 |  1.180 | 1.082
 447 | San Fran. St.        |   2 | 0.884 | 0.726 |  0.821 | 1.212
 448 | Hardin-Simmons       |   3 | 0.884 | 0.998 |  1.129 | 0.868
 449 | Whittier             |   3 | 0.882 | 0.957 |  1.085 | 0.775
 450 | Mary                 |   2 | 0.879 | 1.227 |  1.396 | 1.213
 451 | La Salle             |   1 | 0.875 | 1.050 |  1.201 | 1.099
 452 | UNC Asheville        |   1 | 0.873 | 0.878 |  1.006 | 1.162
 453 | St. Edwards          |   2 | 0.873 | 0.892 |  1.022 | 1.074
 454 | St. Marys (MD)       |   3 | 0.870 | 1.018 |  1.170 | 1.052
 455 | Long Island          |   1 | 0.870 | 1.105 |  1.269 | 1.098
 456 | Mass.-Dartmouth      |   3 | 0.867 | 1.131 |  1.305 | 0.899
 457 | East. Mennonite      |   3 | 0.863 | 0.865 |  1.002 | 1.009
 458 | Oakland              |   1 | 0.863 | 0.855 |  0.991 | 1.080
 459 | Ithaca               |   3 | 0.858 | 0.854 |  0.994 | 1.200
 460 | Geneva               |   3 | 0.857 | 0.949 |  1.107 | 0.840
 461 | Barton               |   2 | 0.856 | 1.272 |  1.486 | 0.889
 462 | Hampden-Sydney       |   3 | 0.854 | 1.162 |  1.360 | 0.878
 463 | St. Michaels         |   2 | 0.851 | 0.824 |  0.968 | 1.096
 464 | Westfield St.        |   3 | 0.848 | 1.035 |  1.220 | 0.853
 465 | New Hampshire        |   1 | 0.848 | 0.778 |  0.917 | 1.105
 466 | Bridgewater St.      |   3 | 0.848 | 0.848 |  0.999 | 0.853
 467 | Drexel               |   1 | 0.844 | 0.733 |  0.868 | 1.303
 468 | Muskingum            |   3 | 0.840 | 0.690 |  0.822 | 0.901
 469 | North Greenville     |   2 | 0.837 | 0.909 |  1.086 | 0.924
 470 | Wilmington (OH)      |   3 | 0.836 | 0.999 |  1.195 | 0.976
 471 | St. Josephs (ME)     |   3 | 0.833 | 0.849 |  1.019 | 0.721
 472 | Hendrix              |   3 | 0.832 | 1.128 |  1.356 | 0.876
 473 | SUNY Cortland        |   3 | 0.830 | 1.038 |  1.251 | 1.065
 474 | Rhode Island         |   1 | 0.829 | 0.914 |  1.103 | 1.074
 475 | Fla. Atlantic        |   1 | 0.824 | 0.816 |  0.990 | 1.128
 476 | Harding              |   2 | 0.823 | 0.774 |  0.940 | 1.087
 477 | Carson-Newman        |   2 | 0.820 | 0.958 |  1.168 | 1.010
 478 | Upper Iowa           |   2 | 0.816 | 1.054 |  1.291 | 0.953
 479 | Philadelphia U.      |   2 | 0.811 | 0.904 |  1.115 | 1.066
 480 | Molloy               |   2 | 0.810 | 0.874 |  1.079 | 1.193
 481 | Nichols              |   3 | 0.809 | 0.942 |  1.165 | 0.818
 482 | Wheeling Jesuit      |   2 | 0.808 | 0.923 |  1.142 | 1.004
 483 | Catawba              |   2 | 0.805 | 0.976 |  1.212 | 0.917
 484 | Nova Southeastern    |   2 | 0.804 | 0.938 |  1.166 | 1.157
 485 | Arcadia              |   3 | 0.803 | 0.754 |  0.939 | 0.887
 486 | Seton Hill           |   2 | 0.803 | 1.111 |  1.384 | 1.006
 487 | Colorado St.-Pueblo  |   2 | 0.799 | 0.669 |  0.837 | 1.219
 488 | Marywood             |   3 | 0.797 | 0.774 |  0.970 | 0.747
 489 | Oberlin              |   3 | 0.794 | 1.022 |  1.288 | 1.094
 490 | Salve Regina         |   3 | 0.794 | 0.887 |  1.117 | 0.794
 491 | Central Ark.         |   1 | 0.794 | 0.745 |  0.938 | 1.198
 492 | Truman               |   2 | 0.791 | 0.946 |  1.196 | 1.165
 493 | Robert Morris        |   1 | 0.787 | 0.790 |  1.004 | 1.125
 494 | Otterbein            |   3 | 0.786 | 0.787 |  1.002 | 0.982
 495 | UMKC                 |   1 | 0.785 | 0.939 |  1.196 | 1.098
 496 | New Jersey City      |   3 | 0.782 | 1.150 |  1.472 | 0.949
 497 | Harvard              |   1 | 0.782 | 0.654 |  0.836 | 1.224
 498 | Husson               |   3 | 0.779 | 0.920 |  1.180 | 0.793
 499 | Caldwell             |   2 | 0.773 | 1.225 |  1.584 | 1.048
 500 | WPI                  |   3 | 0.773 | 0.825 |  1.067 | 0.827
 501 | Scranton             |   3 | 0.771 | 0.760 |  0.986 | 1.000
 502 | Queens (NC)          |   2 | 0.770 | 0.981 |  1.275 | 0.926
 503 | S.C. Upstate         |   1 | 0.769 | 0.732 |  0.952 | 1.017
 504 | Humboldt St.         |   2 | 0.765 | 1.074 |  1.404 | 1.165
 505 | Chestnut Hill        |   2 | 0.764 | 1.041 |  1.362 | 1.047
 506 | Detroit              |   1 | 0.759 | 1.134 |  1.494 | 1.067
 507 | SUNYIT               |   3 | 0.751 | 0.702 |  0.935 | 0.677
 508 | Wofford              |   1 | 0.750 | 0.817 |  1.089 | 1.190
 509 | Southwestern (TX)    |   3 | 0.745 | 1.090 |  1.464 | 1.038
 510 | Oral Roberts         |   1 | 0.743 | 1.334 |  1.796 | 1.048
 511 | Newman               |   2 | 0.736 | 0.749 |  1.018 | 1.067
 512 | BYU-Hawaii           |   2 | 0.735 | 0.857 |  1.166 | 0.823
 513 | East Stroudsburg     |   2 | 0.734 | 0.827 |  1.127 | 1.056
 514 | Thomas (ME)          |   3 | 0.733 | 0.865 |  1.179 | 0.690
 515 | Pitt.-Johnstown      |   2 | 0.725 | 1.090 |  1.503 | 0.921
 516 | Lesley               |   3 | 0.724 | 0.775 |  1.071 | 0.614
 517 | Dist. Columbia       |   2 | 0.711 | 0.655 |  0.921 | 0.954
 518 | Concordia (NY)       |   2 | 0.707 | 1.180 |  1.669 | 1.071
 519 | King (TN)            |   2 | 0.698 | 1.090 |  1.563 | 0.996
 520 | Army                 |   1 | 0.693 | 0.879 |  1.269 | 0.982
 521 | Dayton               |   1 | 0.690 | 0.738 |  1.070 | 1.109
 522 | Seton Hall           |   1 | 0.684 | 0.932 |  1.363 | 1.230
 523 | Albion               |   3 | 0.682 | 0.832 |  1.221 | 0.943
 524 | Worcester St.        |   3 | 0.679 | 0.931 |  1.372 | 0.843
 525 | Whitman              |   3 | 0.663 | 0.760 |  1.147 | 0.837
 526 | Randolph-Macon       |   3 | 0.659 | 0.765 |  1.161 | 0.886
 527 | Wabash               |   3 | 0.658 | 0.733 |  1.114 | 0.976
 528 | Kings (PA)           |   3 | 0.657 | 0.919 |  1.400 | 0.788
 529 | Skidmore             |   3 | 0.656 | 0.546 |  0.833 | 1.039
 530 | Pittsburgh           |   1 | 0.656 | 0.741 |  1.130 | 1.235
 531 | Lycoming             |   3 | 0.654 | 0.730 |  1.117 | 0.990
 532 | Richmond             |   1 | 0.652 | 1.213 |  1.862 | 1.081
 533 | Bethel (MN)          |   3 | 0.649 | 0.788 |  1.214 | 0.933
 534 | Wittenberg           |   3 | 0.645 | 0.769 |  1.192 | 1.001
 535 | Maine Maritime       |   3 | 0.640 | 0.539 |  0.842 | 0.673
 536 | Stevenson            |   3 | 0.638 | 0.651 |  1.020 | 1.053
 537 | Greensboro           |   3 | 0.635 | 0.841 |  1.324 | 0.976
 538 | Canisius             |   1 | 0.628 | 0.717 |  1.141 | 1.059
 539 | Oswego St.           |   3 | 0.624 | 0.709 |  1.137 | 0.991
 540 | Loyola (IL)          |   1 | 0.623 | 0.686 |  1.102 | 1.136
 541 | Milwaukee Engr.      |   3 | 0.619 | 0.864 |  1.397 | 0.797
 542 | Pomona-Pitzer        |   3 | 0.617 | 0.753 |  1.219 | 0.859
 543 | Wingate              |   2 | 0.615 | 0.786 |  1.278 | 1.040
 544 | Shepherd             |   2 | 0.614 | 0.730 |  1.189 | 0.948
 545 | Westminster (MO)     |   3 | 0.608 | 0.786 |  1.291 | 0.700
 546 | St. Bonaventure      |   1 | 0.606 | 0.763 |  1.258 | 1.063
 547 | Dallas               |   3 | 0.605 | 0.815 |  1.346 | 1.013
 548 | Piedmont             |   3 | 0.602 | 1.198 |  1.991 | 0.790
 549 | St. Peters           |   1 | 0.599 | 0.817 |  1.362 | 1.083
 550 | St. Josephs (IN)     |   2 | 0.597 | 0.798 |  1.337 | 1.112
 551 | Wentworth Inst.      |   3 | 0.590 | 0.686 |  1.163 | 0.951
 552 | Bridgewater (VA)     |   3 | 0.589 | 0.776 |  1.317 | 0.886
 553 | Cabrini              |   3 | 0.589 | 0.949 |  1.611 | 0.835
 554 | McDaniel             |   3 | 0.585 | 0.715 |  1.222 | 1.021
 555 | Albright             |   3 | 0.583 | 1.033 |  1.772 | 0.938
 556 | Emmanuel (MA)        |   3 | 0.581 | 0.702 |  1.209 | 0.615
 557 | Sage Colleges        |   3 | 0.579 | 0.936 |  1.617 | 0.605
 558 | Clarkson             |   3 | 0.577 | 0.524 |  0.908 | 1.169
 559 | NJIT                 |   1 | 0.574 | 0.749 |  1.303 | 0.975
 560 | Massachusetts        |   1 | 0.573 | 0.517 |  0.903 | 1.128
 561 | Rider                |   1 | 0.573 | 0.624 |  1.088 | 1.013
 562 | Hamline              |   3 | 0.568 | 0.763 |  1.344 | 1.070
 563 | Juniata              |   3 | 0.567 | 0.540 |  0.953 | 0.833
 564 | Marymount (VA)       |   3 | 0.567 | 0.706 |  1.244 | 0.994
 565 | SUNY Potsdam         |   3 | 0.566 | 0.777 |  1.373 | 0.962
 566 | Concordia (TX)       |   3 | 0.546 | 0.815 |  1.493 | 0.793
 567 | Howard Payne         |   3 | 0.545 | 0.916 |  1.682 | 0.797
 568 | Norwich              |   3 | 0.542 | 0.792 |  1.461 | 0.767
 569 | Kalamazoo            |   3 | 0.540 | 0.583 |  1.079 | 1.050
 570 | Framingham St.       |   3 | 0.538 | 0.776 |  1.441 | 0.931
 571 | Belmont Abbey        |   2 | 0.535 | 0.867 |  1.623 | 0.934
 572 | Lakeland             |   3 | 0.534 | 0.919 |  1.722 | 0.743
 573 | Simpson              |   3 | 0.532 | 0.853 |  1.603 | 0.880
 574 | Austin               |   3 | 0.528 | 0.709 |  1.344 | 0.938
 575 | Buffalo St.          |   3 | 0.523 | 0.735 |  1.405 | 0.899
 576 | Holy Cross           |   1 | 0.518 | 0.686 |  1.325 | 1.169
 577 | Wilkes               |   3 | 0.516 | 0.868 |  1.682 | 0.921
 578 | Tex. Permian Basin   |   2 | 0.515 | 0.932 |  1.810 | 1.072
 579 | Keuka                |   3 | 0.513 | 0.744 |  1.452 | 0.564
 580 | LeTourneau           |   3 | 0.513 | 0.712 |  1.386 | 0.821
 581 | Northwestern (MN)    |   3 | 0.507 | 0.570 |  1.124 | 0.760
 582 | Houston Baptist      |   1 | 0.506 | 0.729 |  1.440 | 1.067
 583 | Findlay              |   2 | 0.505 | 0.773 |  1.532 | 1.285
 584 | Winthrop             |   1 | 0.504 | 0.818 |  1.622 | 1.119
 585 | Benedictine (IL)     |   3 | 0.503 | 0.639 |  1.271 | 0.643
 586 | Me.-Farmington       |   3 | 0.501 | 0.732 |  1.460 | 0.703
 587 | St. Josephs (L.I.)   |   3 | 0.501 | 0.848 |  1.692 | 0.608
 588 | Wooster              |   3 | 0.500 | 0.805 |  1.609 | 0.968
 589 | Clark (MA)           |   3 | 0.498 | 0.715 |  1.438 | 0.799
 590 | Curry                |   3 | 0.495 | 0.618 |  1.249 | 0.764
 591 | Concordia-Mhead      |   3 | 0.495 | 0.693 |  1.400 | 1.083
 592 | Ozarks (AR)          |   3 | 0.492 | 0.940 |  1.909 | 0.784
 593 | Bryant               |   1 | 0.491 | 0.791 |  1.610 | 1.047
 594 | St. John Fisher      |   3 | 0.490 | 0.590 |  1.204 | 1.139
 595 | Bethany (WV)         |   3 | 0.490 | 0.874 |  1.784 | 0.821
 596 | Monmouth (IL)        |   3 | 0.490 | 0.819 |  1.671 | 0.687
 597 | Adams St.            |   2 | 0.488 | 0.774 |  1.587 | 1.197
 598 | Neb. Wesleyan        |   3 | 0.486 | 0.829 |  1.705 | 0.981
 599 | Edgewood             |   3 | 0.483 | 0.648 |  1.343 | 0.715
 600 | Presbyterian         |   1 | 0.480 | 0.757 |  1.578 | 1.140
 601 | Rhodes               |   3 | 0.477 | 0.922 |  1.935 | 1.018
 602 | Lasell               |   3 | 0.464 | 0.975 |  2.103 | 0.686
 603 | Polytechnic (NY)     |   3 | 0.463 | 0.563 |  1.217 | 0.637
 604 | Ohio Valley          |   2 | 0.458 | 0.828 |  1.808 | 0.848
 605 | Webster              |   3 | 0.458 | 0.554 |  1.211 | 0.725
 606 | Widener              |   3 | 0.456 | 0.500 |  1.096 | 0.998
 607 | Wash. & Jeff.        |   3 | 0.454 | 0.826 |  1.818 | 0.833
 608 | Coe                  |   3 | 0.453 | 0.618 |  1.363 | 0.847
 609 | Willamette           |   3 | 0.447 | 0.817 |  1.829 | 0.813
 610 | Alfred               |   3 | 0.447 | 0.832 |  1.861 | 0.748
 611 | Alderson-Broaddus    |   2 | 0.444 | 0.661 |  1.488 | 0.929
 612 | Daniel Webster       |   3 | 0.438 | 0.509 |  1.163 | 0.585
 613 | Penn St.-Abington    |   3 | 0.437 | 0.650 |  1.488 | 0.626
 614 | VMI                  |   1 | 0.437 | 0.649 |  1.487 | 1.006
 615 | Franklin             |   3 | 0.433 | 0.649 |  1.500 | 0.669
 616 | U New England        |   3 | 0.433 | 0.795 |  1.838 | 0.868
 617 | Washington Col.      |   3 | 0.432 | 0.623 |  1.444 | 1.020
 618 | New England Col.     |   3 | 0.429 | 0.576 |  1.344 | 0.643
 619 | Manchester           |   3 | 0.428 | 0.626 |  1.465 | 0.790
 620 | Beloit               |   3 | 0.424 | 0.699 |  1.650 | 0.683
 621 | Ursinus              |   3 | 0.422 | 0.626 |  1.484 | 1.056
 622 | Maryville (MO)       |   2 | 0.421 | 0.792 |  1.880 | 1.044
 623 | Francis Marion       |   2 | 0.419 | 0.652 |  1.558 | 1.030
 624 | Suffolk              |   3 | 0.418 | 0.926 |  2.216 | 0.722
 625 | Wells                |   3 | 0.418 | 0.743 |  1.778 | 0.621
 626 | Adrian               |   3 | 0.415 | 0.621 |  1.498 | 1.019
 627 | Southern Vt.         |   3 | 0.415 | 1.069 |  2.578 | 0.663
 628 | Delta St.            |   2 | 0.414 | 0.791 |  1.912 | 1.136
 629 | FDU-Florham          |   3 | 0.413 | 0.665 |  1.612 | 0.957
 630 | Penn St.-Harrisburg  |   3 | 0.412 | 0.846 |  2.051 | 0.607
 631 | Rosemont             |   3 | 0.409 | 0.642 |  1.569 | 0.673
 632 | S.C. Aiken           |   2 | 0.407 | 0.656 |  1.614 | 1.001
 633 | Ga. Southwestern     |   2 | 0.406 | 0.594 |  1.462 | 1.040
 634 | Centenary (NJ)       |   3 | 0.406 | 0.750 |  1.849 | 0.651
 635 | Penn St.-Altoona     |   3 | 0.404 | 0.762 |  1.884 | 0.733
 636 | Waynesburg           |   3 | 0.397 | 0.746 |  1.879 | 0.706
 637 | Cal St. East Bay     |   2 | 0.396 | 0.702 |  1.772 | 1.210
 638 | Pfeiffer             |   2 | 0.396 | 0.628 |  1.587 | 0.874
 639 | Dominican (CA)       |   2 | 0.392 | 0.584 |  1.489 | 1.013
 640 | SUNY Maritime        |   3 | 0.388 | 0.549 |  1.416 | 0.616
 641 | Emerson              |   3 | 0.388 | 0.685 |  1.765 | 0.638
 642 | Concord              |   2 | 0.386 | 0.723 |  1.874 | 0.905
 643 | Howard               |   1 | 0.384 | 0.613 |  1.597 | 0.997
 644 | Westminster (PA)     |   3 | 0.383 | 0.685 |  1.790 | 0.853
 645 | Earlham              |   3 | 0.380 | 0.538 |  1.417 | 0.910
 646 | St. Marys (TX)       |   2 | 0.376 | 0.634 |  1.686 | 1.158
 647 | Heidelberg           |   3 | 0.376 | 0.387 |  1.029 | 0.969
 648 | East Tex. Baptist    |   3 | 0.376 | 0.966 |  2.570 | 0.791
 649 | St. Josephs          |   1 | 0.375 | 0.598 |  1.592 | 1.082
 650 | Mount Olive          |   2 | 0.375 | 0.841 |  2.243 | 0.848
 651 | Lehman               |   3 | 0.375 | 0.542 |  1.448 | 0.511
 652 | Mount Ida            |   3 | 0.375 | 0.658 |  1.756 | 0.669
 653 | Anderson (IN)        |   3 | 0.369 | 0.477 |  1.293 | 0.753
 654 | Pitt.-Bradford       |   3 | 0.369 | 0.586 |  1.590 | 0.671
 655 | Plymouth St.         |   3 | 0.368 | 0.610 |  1.659 | 0.930
 656 | Manhattan            |   1 | 0.366 | 0.451 |  1.234 | 1.134
 657 | Goucher              |   3 | 0.363 | 0.669 |  1.845 | 0.849
 658 | Occidental           |   3 | 0.361 | 0.626 |  1.732 | 0.853
 659 | Newberry             |   2 | 0.359 | 0.697 |  1.945 | 0.890
 660 | Cal Lutheran         |   3 | 0.355 | 0.750 |  2.112 | 0.894
 661 | Defiance             |   3 | 0.354 | 0.526 |  1.489 | 0.752
 662 | Mt. St. Joseph       |   3 | 0.353 | 0.742 |  2.103 | 0.783
 663 | Huntingdon           |   3 | 0.353 | 0.498 |  1.412 | 0.892
 664 | Pacific (OR)         |   3 | 0.350 | 0.524 |  1.498 | 0.855
 665 | La Verne             |   3 | 0.349 | 0.596 |  1.708 | 0.824
 666 | Alma                 |   3 | 0.345 | 0.484 |  1.402 | 0.977
 667 | St. Rose             |   2 | 0.339 | 0.427 |  1.259 | 1.226
 668 | Bard                 |   3 | 0.338 | 0.605 |  1.792 | 0.832
 669 | La Roche             |   3 | 0.334 | 0.905 |  2.707 | 0.615
 670 | Cazenovia            |   3 | 0.333 | 0.583 |  1.751 | 0.693
 671 | Principia            |   3 | 0.330 | 0.499 |  1.515 | 0.757
 672 | Marietta             |   3 | 0.328 | 0.623 |  1.899 | 0.932
 673 | Colo. Christian      |   2 | 0.323 | 0.591 |  1.830 | 1.247
 674 | Brevard              |   2 | 0.317 | 0.511 |  1.611 | 0.957
 675 | Johnson & Wales (RI) |   3 | 0.315 | 0.628 |  1.995 | 0.731
 676 | Colby-Sawyer         |   3 | 0.313 | 0.612 |  1.956 | 0.805
 677 | Mass. Liberal Arts   |   3 | 0.311 | 0.396 |  1.274 | 0.734
 678 | Fitchburg St.        |   3 | 0.309 | 0.754 |  2.442 | 0.807
 679 | Crown (MN)           |   3 | 0.309 | 0.730 |  2.365 | 0.704
 680 | Emory & Henry        |   3 | 0.306 | 0.558 |  1.823 | 0.914
 681 | Salem Intl           |   2 | 0.302 | 0.588 |  1.948 | 0.501
 682 | St. Marys (MN)       |   3 | 0.302 | 0.422 |  1.396 | 0.957
 683 | Concordia Chicago    |   3 | 0.301 | 0.647 |  2.152 | 0.818
 684 | Mt. St. Mary (NY)    |   3 | 0.301 | 0.563 |  1.872 | 0.619
 685 | Lawrence             |   3 | 0.297 | 0.579 |  1.948 | 0.738
 686 | Phila. Biblical      |   3 | 0.296 | 0.535 |  1.809 | 0.632
 687 | Grinnell             |   3 | 0.294 | 0.565 |  1.919 | 0.673
 688 | Schreiner            |   3 | 0.293 | 0.515 |  1.756 | 0.857
 689 | Lancaster Bible      |   3 | 0.286 | 0.610 |  2.130 | 0.588
 690 | Hanover              |   3 | 0.284 | 0.771 |  2.720 | 0.792
 691 | St. Andrews          |   2 | 0.278 | 0.561 |  2.014 | 0.842
 692 | Neb.-Omaha           |   1 | 0.278 | 0.481 |  1.733 | 1.167
 693 | Delaware Valley      |   3 | 0.276 | 0.578 |  2.089 | 0.879
 694 | Keystone             |   3 | 0.275 | 0.564 |  2.049 | 0.685
 695 | St. Vincent          |   3 | 0.268 | 0.561 |  2.093 | 0.767
 696 | Lyndon St.           |   3 | 0.268 | 0.710 |  2.655 | 0.695
 697 | North Florida        |   1 | 0.267 | 0.427 |  1.598 | 1.135
 698 | Hunter               |   3 | 0.267 | 0.413 |  1.544 | 0.658
 699 | Western Conn. St.    |   3 | 0.265 | 0.367 |  1.385 | 1.053
 700 | Washington Adventist |   2 | 0.265 | 0.822 |  3.105 | 0.598
 701 | Ferrum               |   3 | 0.260 | 0.553 |  2.127 | 0.893
 702 | Gwynedd-Mercy        |   3 | 0.253 | 0.470 |  1.857 | 0.815
 703 | Mass. Maritime       |   3 | 0.253 | 0.546 |  2.155 | 0.779
 704 | Millsaps             |   3 | 0.250 | 0.399 |  1.594 | 0.933
 705 | Illinois Col.        |   3 | 0.249 | 0.461 |  1.847 | 0.580
 706 | Ripon                |   3 | 0.244 | 0.389 |  1.594 | 0.742
 707 | Elms                 |   3 | 0.243 | 0.820 |  3.370 | 0.592
 708 | Moravian             |   3 | 0.237 | 0.564 |  2.386 | 0.916
 709 | Millikin             |   3 | 0.233 | 0.513 |  2.206 | 0.989
 710 | Farmingdale St.      |   3 | 0.232 | 0.483 |  2.088 | 0.671
 711 | Ill.-Springfield     |   2 | 0.231 | 0.529 |  2.288 | 1.114
 712 | Eastern Nazarene     |   3 | 0.229 | 0.591 |  2.576 | 0.752
 713 | Ky. Wesleyan         |   2 | 0.228 | 0.878 |  3.851 | 1.107
 714 | Hood                 |   3 | 0.226 | 0.383 |  1.697 | 0.819
 715 | Hawaii Hilo          |   2 | 0.225 | 0.431 |  1.914 | 0.967
 716 | Baptist Bible (PA)   |   3 | 0.223 | 0.505 |  2.261 | 0.668
 717 | Bethany Lutheran     |   3 | 0.216 | 0.489 |  2.264 | 0.691
 718 | Pitt.-Greensburg     |   3 | 0.216 | 0.541 |  2.501 | 0.617
 719 | Wis. Lutheran        |   3 | 0.216 | 0.502 |  2.323 | 0.646
 720 | Goldey-Beacom        |   2 | 0.215 | 0.469 |  2.183 | 1.024
 721 | Louisiana Col.       |   3 | 0.214 | 0.491 |  2.296 | 0.805
 722 | Morrisville St.      |   3 | 0.213 | 0.499 |  2.344 | 0.572
 723 | Me.-Presque Isle     |   3 | 0.212 | 0.432 |  2.040 | 0.814
 724 | Shenandoah           |   3 | 0.212 | 0.367 |  1.734 | 0.937
 725 | John Jay             |   3 | 0.209 | 0.468 |  2.243 | 0.643
 726 | Blackburn            |   3 | 0.208 | 0.683 |  3.277 | 0.655
 727 | Buena Vista          |   3 | 0.203 | 0.419 |  2.070 | 0.767
 728 | Thiel                |   3 | 0.198 | 0.498 |  2.518 | 0.692
 729 | Mitchell             |   3 | 0.196 | 0.415 |  2.114 | 0.641
 730 | LaGrange             |   3 | 0.196 | 0.347 |  1.773 | 0.855
 731 | St. Norbert          |   3 | 0.195 | 0.478 |  2.454 | 0.850
 732 | Baruch               |   3 | 0.193 | 0.578 |  3.001 | 0.550
 733 | Marian (WI)          |   3 | 0.193 | 0.426 |  2.208 | 0.799
 734 | George Fox           |   3 | 0.192 | 0.440 |  2.291 | 0.857
 735 | Purchase St.         |   3 | 0.191 | 0.464 |  2.433 | 0.459
 736 | Newbury              |   3 | 0.189 | 0.466 |  2.461 | 0.628
 737 | Staten Island        |   3 | 0.182 | 0.594 |  3.272 | 0.586
 738 | Martin Luther        |   3 | 0.180 | 0.630 |  3.503 | 0.646
 739 | Chaminade            |   2 | 0.178 | 0.274 |  1.535 | 0.981
 740 | Immaculata           |   3 | 0.177 | 0.459 |  2.591 | 0.747
 741 | Regis (MA)           |   3 | 0.173 | 0.436 |  2.519 | 0.659
 742 | Maranatha Baptist    |   3 | 0.167 | 0.338 |  2.021 | 0.732
 743 | Anna Maria           |   3 | 0.163 | 0.491 |  3.008 | 0.663
 744 | CCNY                 |   3 | 0.162 | 0.464 |  2.860 | 0.581
 745 | York (NY)            |   3 | 0.157 | 0.426 |  2.719 | 0.624
 746 | Franciscan           |   3 | 0.151 | 0.505 |  3.345 | 0.687
 747 | Becker               |   3 | 0.150 | 0.349 |  2.329 | 0.613
 748 | DYouville            |   3 | 0.145 | 0.432 |  2.980 | 0.615
 749 | Johnson St.          |   3 | 0.144 | 0.458 |  3.177 | 0.729
 750 | Linfield             |   3 | 0.141 | 0.285 |  2.014 | 0.883
 751 | Texas Lutheran       |   3 | 0.136 | 0.356 |  2.623 | 0.834
 752 | MacMurray            |   3 | 0.135 | 0.614 |  4.564 | 0.559
 753 | Cobleskill St.       |   3 | 0.130 | 0.391 |  3.011 | 0.611
 754 | Rockford             |   3 | 0.128 | 0.440 |  3.438 | 0.700
 755 | McMurry              |   3 | 0.128 | 0.331 |  2.582 | 0.839
 756 | Cornell College      |   3 | 0.127 | 0.419 |  3.292 | 0.939
 757 | Chowan               |   2 | 0.126 | 0.497 |  3.944 | 0.736
 758 | Southern Me.         |   3 | 0.125 | 0.353 |  2.817 | 0.920
 759 | Brooklyn             |   3 | 0.118 | 0.404 |  3.423 | 0.493
 760 | Old Westbury         |   3 | 0.118 | 0.308 |  2.612 | 0.623
 761 | Medgar Evers         |   3 | 0.116 | 0.600 |  5.161 | 0.627
 762 | Green Mountain       |   3 | 0.116 | 0.305 |  2.627 | 0.698
 763 | Spalding             |   3 | 0.106 | 0.389 |  3.659 | 0.657
 764 | Hilbert              |   3 | 0.106 | 0.286 |  2.689 | 0.670
 765 | Mt. Aloysius         |   3 | 0.102 | 0.295 |  2.884 | 0.608
 766 | Finlandia            |   3 | 0.097 | 0.390 |  4.043 | 0.905
 767 | Eureka               |   3 | 0.092 | 0.398 |  4.327 | 0.633
 768 | Penn St.-Berks       |   3 | 0.082 | 0.258 |  3.147 | 0.649
 769 | Knox                 |   3 | 0.082 | 0.458 |  5.585 | 0.625
 770 | Bluffton             |   3 | 0.079 | 0.249 |  3.158 | 0.749
 771 | Caltech              |   3 | 0.078 | 0.265 |  3.408 | 0.875
 772 | North Central (MN)   |   3 | 0.078 | 0.302 |  3.885 | 0.650
 773 | Northland            |   3 | 0.059 | 0.237 |  4.001 | 0.654
 774 | Gallaudet            |   3 | 0.057 | 0.284 |  4.967 | 0.592
 775 | Mt. St. Vincent      |   3 | 0.037 | 0.236 |  6.305 | 0.523
 776 | Rivier               |   3 | 0.034 | 0.136 |  3.995 | 0.688
 777 | Lincoln (PA)         |   2 | 0.029 | 0.256 |  8.964 | 0.780
 778 | Yeshiva              |   3 | 0.028 | 0.233 |  8.437 | 0.447
 779 | Wheelock             |   3 | 0.021 | 0.249 | 11.922 | 0.594
 780 | St. Josephs (Brkln)  |   3 | 0.021 | 0.258 | 12.386 | 0.360
(780 rows)

COMMIT
