BEGIN
CREATE TABLE
INSERT 0 23
 rk |     team      |  str  |  ofs  |  dfs  | sos  
----+---------------+-------+-------+-------+------
  1 | Inter         |  0.80 |  0.36 | -0.43 | 0.03
  2 | Atalanta      |  0.78 |  0.40 | -0.38 | 0.05
  3 | Juventus      |  0.66 |  0.31 | -0.35 | 0.03
  4 | Napoli        |  0.42 |  0.16 | -0.26 | 0.07
  5 | Lazio         |  0.38 |  0.21 | -0.17 | 0.06
  6 | Milan         |  0.36 |  0.26 | -0.10 | 0.04
  7 | Roma          |  0.34 |  0.28 | -0.05 | 0.06
  8 | Sassuolo      |  0.16 |  0.17 |  0.01 | 0.06
  9 | Torino        |  0.10 |  0.03 | -0.07 | 0.08
 10 | Udinese       | -0.02 | -0.18 | -0.17 | 0.07
 11 | Fiorentina    | -0.05 | -0.07 | -0.01 | 0.08
 12 | Hellas Verona | -0.07 | -0.13 | -0.06 | 0.09
 13 | Sampdoria     | -0.10 | -0.06 |  0.04 | 0.09
 14 | Genoa         | -0.15 | -0.21 | -0.06 | 0.08
 15 | Bologna       | -0.16 | -0.05 |  0.11 | 0.09
 16 | Cagliari      | -0.19 | -0.12 |  0.08 | 0.10
 17 | Lecce         | -0.26 |  0.11 |  0.37 | 0.08
 18 | Parma         | -0.28 | -0.18 |  0.09 | 0.08
 19 | Benevento     | -0.38 | -0.21 |  0.16 | 0.12
 20 | Spezia        | -0.40 | -0.18 |  0.22 | 0.10
 21 | Crotone       | -0.48 | -0.22 |  0.26 | 0.13
 22 | SPAL          | -0.66 | -0.36 |  0.30 | 0.10
 23 | Brescia       | -0.78 | -0.30 |  0.48 | 0.11
(23 rows)

 rk |     team      |  str  |  ofs  |  dfs  | sos  
----+---------------+-------+-------+-------+------
  1 | Inter         |  0.80 |  0.36 | -0.43 | 0.03
  2 | Atalanta      |  0.78 |  0.40 | -0.38 | 0.05
  3 | Juventus      |  0.66 |  0.31 | -0.35 | 0.03
  4 | Napoli        |  0.42 |  0.16 | -0.26 | 0.07
  5 | Lazio         |  0.38 |  0.21 | -0.17 | 0.06
  6 | Milan         |  0.36 |  0.26 | -0.10 | 0.04
  7 | Roma          |  0.34 |  0.28 | -0.05 | 0.06
  8 | Sassuolo      |  0.16 |  0.17 |  0.01 | 0.06
  9 | Torino        |  0.10 |  0.03 | -0.07 | 0.08
 10 | Udinese       | -0.02 | -0.18 | -0.17 | 0.07
 11 | Fiorentina    | -0.05 | -0.07 | -0.01 | 0.08
 12 | Hellas Verona | -0.07 | -0.13 | -0.06 | 0.09
 13 | Sampdoria     | -0.10 | -0.06 |  0.04 | 0.09
 14 | Genoa         | -0.15 | -0.21 | -0.06 | 0.08
 15 | Bologna       | -0.16 | -0.05 |  0.11 | 0.09
 16 | Cagliari      | -0.19 | -0.12 |  0.08 | 0.10
 17 | Lecce         | -0.26 |  0.11 |  0.37 | 0.08
 18 | Parma         | -0.28 | -0.18 |  0.09 | 0.08
 19 | Benevento     | -0.38 | -0.21 |  0.16 | 0.12
 20 | Spezia        | -0.40 | -0.18 |  0.22 | 0.10
 21 | Crotone       | -0.48 | -0.22 |  0.26 | 0.13
 22 | SPAL          | -0.66 | -0.36 |  0.30 | 0.10
 23 | Brescia       | -0.78 | -0.30 |  0.48 | 0.11
(23 rows)

COPY 23
COMMIT
