BEGIN
CREATE TABLE
INSERT 0 20
 rk |      team       |  str  |  ofs  |  dfs  | sos  
----+-----------------+-------+-------+-------+------
  1 | Barcelona       |  0.61 |  0.52 | -0.09 | 0.00
  2 | Atlético Madrid |  0.58 |  0.28 | -0.30 | 0.00
  3 | Real Madrid     |  0.54 |  0.29 | -0.25 | 0.00
  4 | Real Sociedad   |  0.29 |  0.19 | -0.10 | 0.02
  5 | Sevilla         |  0.28 |  0.11 | -0.17 | 0.02
  6 | Villarreal      |  0.24 |  0.20 | -0.04 | 0.01
  7 | Athletic Club   |  0.09 |  0.01 | -0.08 | 0.03
  8 | Celta Vigo      |  0.03 |  0.13 |  0.10 | 0.03
  9 | Betis           |  0.00 |  0.03 |  0.03 | 0.03
 10 | Valencia        |  0.00 |  0.08 |  0.09 | 0.04
 11 | Levante         | -0.11 | -0.01 |  0.11 | 0.04
 12 | Osasuna         | -0.15 | -0.14 |  0.01 | 0.04
 13 | Granada         | -0.18 |  0.04 |  0.22 | 0.05
 14 | Getafe          | -0.27 | -0.31 | -0.05 | 0.05
 15 | Huesca          | -0.27 | -0.19 |  0.08 | 0.02
 16 | Alavés          | -0.28 | -0.16 |  0.12 | 0.04
 17 | Cádiz           | -0.31 | -0.19 |  0.12 | 0.02
 18 | Valladolid      | -0.32 | -0.21 |  0.11 | 0.04
 19 | Elche           | -0.33 | -0.23 |  0.10 | 0.02
 20 | Eibar           | -0.35 | -0.29 |  0.06 | 0.04
(20 rows)

 rk |      team       |  str  |  ofs  |  dfs  | sos  
----+-----------------+-------+-------+-------+------
  1 | Barcelona       |  0.61 |  0.52 | -0.09 | 0.00
  2 | Atlético Madrid |  0.58 |  0.28 | -0.30 | 0.00
  3 | Real Madrid     |  0.54 |  0.29 | -0.25 | 0.00
  4 | Real Sociedad   |  0.29 |  0.19 | -0.10 | 0.02
  5 | Sevilla         |  0.28 |  0.11 | -0.17 | 0.02
  6 | Villarreal      |  0.24 |  0.20 | -0.04 | 0.01
  7 | Athletic Club   |  0.09 |  0.01 | -0.08 | 0.03
  8 | Celta Vigo      |  0.03 |  0.13 |  0.10 | 0.03
  9 | Betis           |  0.00 |  0.03 |  0.03 | 0.03
 10 | Valencia        |  0.00 |  0.08 |  0.09 | 0.04
 11 | Levante         | -0.11 | -0.01 |  0.11 | 0.04
 12 | Osasuna         | -0.15 | -0.14 |  0.01 | 0.04
 13 | Granada         | -0.18 |  0.04 |  0.22 | 0.05
 14 | Getafe          | -0.27 | -0.31 | -0.05 | 0.05
 15 | Huesca          | -0.27 | -0.19 |  0.08 | 0.02
 16 | Alavés          | -0.28 | -0.16 |  0.12 | 0.04
 17 | Cádiz           | -0.31 | -0.19 |  0.12 | 0.02
 18 | Valladolid      | -0.32 | -0.21 |  0.11 | 0.04
 19 | Elche           | -0.33 | -0.23 |  0.10 | 0.02
 20 | Eibar           | -0.35 | -0.29 |  0.06 | 0.04
(20 rows)

COPY 20
COMMIT
